392.876 584.012 1742.28
540.95 93.566 3936.843
698.542 717.903 2015.312
538.64 617.293 3884.392
442.988 67.447 425.143
266.632 888.571 3719.89
208.214 429.127 6454.041
727.63 712.152 8420.845
854.04 336.427 3524.286
60.612 361.411 9195.448
610.19 815.313 5590.65
812.289 588.525 3734.31
525.402 203.616 77.01
16.18 791.267 6317.422
678.135 709.188 7601.832
98.413 725.078 595.894
57.676 196.652 7227.383
951.167 858.537 4602.661
810.641 828.016 5465.564
738.113 811.293 4575.828
898.158 772.125 3457.664
145.516 349.542 3152.949
952.597 797.628 8063.451
64.312 255.452 9283.546
885.498 401.271 2962.776
700.472 440.879 4398.323
253.216 347.41 7175.09
153.47 896.33 8773.658
503.473 426.886 2992.467
787.521 204.395 7164.211
521.1 627.014 8522.139
631.257 200.696 6389.231
678.179 154.439 2636.205
384.366 29.393 4112.135
233.035 205.931 888.868
861.913 956.21 6229.824
71.14 547.593 9113.72
268.028 308.112 5488.479
643.237 771.135 9152.629
131.719 290.638 785.221
532.729 149.321 6159.527
51.799 973.693 1438.097
423.552 835.905 4801.829
250.509 763.314 4066.844
685.955 444.533 8552.623
913.101 316.735 8899.314
242.678 914.478 1200.612
152.367 283.586 3797.33
510.1 818.589 7242.974
363.431 937.231 6294.113
763.73 602.584 478.614
577.63 713.511 8884.759
286.851 548.33 864.265
959.394 713.073 9862.086
704.538 832.998 4480.784
763.05 208.365 9511.575
358.464 888.204 1697.802
245.446 284.493 9558.983
863.842 248.078 3706.415
255.436 638.546 6709.208
828.203 283.819 7365.338
454.331 765.701 9950.465
369.092 147.9 5598.154
496.333 820.287 6267.961
607.658 58.701 3678.987
570.264 200.674 2478.932
847.847 832.909 6910.927
701.264 760.075 8247.726
83.769 577.295 9164.257
282.8 679.429 9866.053
764.809 364.143 4197.314
776.794 689.01 8208.592
140.242 888.196 7797.686
125.901 24.309 1235.9
800.321 811.906 1690.103
582.144 328.347 9571.464
323.743 196.335 3463.37
707.093 542.709 7803.36
873.678 955.399 7044.342
749.316 586.269 8247.285
594.66 201.33 7533.133
385.675 523.323 3669.746
235.918 131.15 2520.384
526.664 738.475 839.499
345.379 371.419 9812.955
56.818 927.446 4402.302
971.781 507.176 2246.042
705.577 91.44 6327.887
205.95 598.379 2873.649
839.992 94.968 7646.583
259.307 482.705 5190.113
628.399 167.28 8182.947
587.665 398.574 496.689
455.485 246.68 5030.407
838.104 179.824 8411.193
557.972 582.901 9338.474
939.497 888.727 2616.485
901.92 120.119 3065.411
333.586 103.834 6014.8
315.121 23.675 6366.047
310.512 172.251 1728.267
720.492 225.618 2636.928
374.533 3.147 6058.513
60.17 33.178 1548.616
23.272 522.955 9256.154
648.268 952.402 1995.249
825.108 757.435 388.941
408.016 755.548 2341.41
68.92 847.658 4838.87
823.238 91.462 6921.035
930.009 764.341 1075.997
723.542 275.819 6936.909
234.046 347.726 6890.949
907.906 272.608 3934.941
742.715 780.404 1729.069
445.118 806.129 2316.623
962.601 81.768 9135.168
546.069 337.536 8056.286
871.83 500.965 2536.356
628.657 661.983 7275.949
543.039 257.715 5077.348
459.02 788.878 5687.834
339.331 336.653 4362.733
593.184 762.794 7449.391
391.523 552.218 607.534
222.779 167.146 5713.562
197.032 860.682 9673.203
581.091 274.709 2341.937
976.471 568.789 4061.972
347.042 513.118 7843.514
493.897 261.498 6418.076
722.233 991.284 5788.408
297.838 703.327 3168.177
699.397 972.663 6624.645
226.86 839.472 5322.707
310.747 118.828 1116.111
796.491 186.658 9320.8
584.964 94.118 2358.781
41.6 134.128 1268.728
466.952 298.31 577.14
124.67 918.433 1598.859
901.954 455.297 6428.638
677.259 660.046 5635.38
663.909 954.492 5345.184
357.942 895.214 5835.322
747.751 937.837 8230.055
470.381 464.894 8588.665
349.207 415.496 7537.718
972.235 567.791 7887.9
647.976 241.015 4043.408
648.383 802.176 8362.696
987.259 692.29 9327.977
246.443 338.779 5035.311
222.584 95.333 4749.403
651.679 134.109 8571.758
285.867 347.654 6252.109
681.749 631.228 5136.151
588.405 98.091 9304.238
326.073 446.658 4523.23
153.061 517.914 2295.438
553.249 522.488 9837.922
126.639 148.798 4336.368
523.389 469.106 5370.671
56.158 878.341 3257.776
827.601 844.796 5711.628
416.666 111.746 7111.886
438.28 844.634 752.994
924.747 164.347 2251.233
392.355 905.004 5712.778
154.128 576.166 9437.797
892.997 596.25 8309.811
552.774 775.671 6975.0
848.267 570.621 2832.481
731.609 421.35 3832.222
759.406 373.982 2144.669
612.104 999.545 2640.093
15.329 407.809 8202.753
864.318 324.774 487.841
778.856 954.638 1927.017
890.957 491.35 7083.048
796.412 839.184 7258.008
191.043 375.649 4189.645
205.514 294.499 7880.421
215.297 847.574 5711.106
129.313 915.279 9830.129
172.254 574.531 4420.332
957.589 108.195 8398.66
699.766 395.916 3462.39
438.678 263.235 3267.377
842.566 211.496 9396.459
313.404 463.594 4462.97
506.947 711.181 8943.151
273.698 89.752 1817.813
53.887 921.075 5725.708
635.564 242.895 8402.871
169.758 843.129 2320.135
685.598 772.585 605.767
768.429 611.548 9760.403
146.494 524.214 3849.627
751.464 813.755 3399.643
360.909 575.828 8555.314
727.347 459.372 4544.687
412.434 985.814 8975.548
681.294 606.496 9615.895
582.123 368.959 1577.589
431.145 746.398 7512.511
920.496 326.708 6293.965
10.879 628.659 5379.794
736.788 918.099 5239.146
822.067 498.251 8790.871
954.689 432.746 9413.866
87.689 480.902 4405.234
339.23 350.164 4966.505
356.558 656.61 8097.502
891.847 596.37 199.82
236.377 813.894 5233.567
366.037 766.551 1617.366
297.477 886.314 9794.464
47.204 521.094 8781.943
977.433 92.301 7217.921
137.067 702.767 961.904
41.093 80.134 668.88
301.865 108.358 3792.313
594.749 220.067 9707.512
998.19 193.825 7267.924
122.995 179.709 3459.296
940.749 134.751 1073.383
489.691 208.453 1088.156
680.118 612.514 3771.546
219.913 80.555 1030.933
419.596 881.719 5910.569
728.998 389.634 6688.682
419.587 198.592 6340.512
981.022 132.232 1425.351
163.418 577.697 6585.351
507.304 93.658 5353.96
734.85 291.699 1100.039
882.689 81.659 2769.821
976.33 154.239 5726.833
902.297 215.374 3713.795
146.808 719.234 2191.602
504.673 238.223 9228.957
213.966 303.034 558.896
301.519 700.475 4842.917
130.31 572.714 2172.857
673.712 163.775 4815.932
534.742 149.837 3696.664
224.533 676.086 4110.853
167.05 732.056 4842.36
811.948 308.721 952.861
805.002 34.161 2640.191
952.649 741.377 9561.457
952.144 966.988 8485.578
563.064 727.372 6179.71
585.634 900.206 8544.892
410.649 817.453 7140.39
580.908 258.26 6689.127
348.074 311.362 2358.35
574.024 664.825 3217.381
120.9 933.325 2504.872
910.502 138.539 3958.022
925.555 879.361 1103.126
415.254 632.452 7592.036
770.003 396.058 1003.54
253.025 353.88 4396.143
297.735 954.469 6991.62
430.254 574.762 5187.736
991.569 958.215 5705.236
112.309 991.354 3672.99
414.172 147.599 368.985
36.137 484.418 225.859
375.966 854.518 84.118
826.088 406.917 7400.216
78.9 745.82 2256.571
955.243 247.642 2209.783
468.844 932.187 7134.436
718.351 819.825 2879.284
264.721 379.033 7010.259
724.469 559.425 6822.749
614.973 545.695 291.895
703.637 315.871 5957.019
679.975 506.546 4946.228
525.221 328.04 6995.113
942.413 426.738 3579.491
215.667 221.445 438.694
918.42 926.977 7161.637
956.913 582.155 7923.626
564.248 373.969 8874.256
857.144 373.911 4158.69
852.003 570.649 8224.956
73.153 504.15 5694.551
201.111 334.638 7107.347
285.696 720.995 3396.648
99.126 482.977 9295.463
789.888 667.381 969.043
897.429 271.523 7563.43
562.858 932.885 5852.447
417.613 150.586 4553.678
658.475 852.968 6933.369
317.821 123.592 5236.338
498.668 305.439 1856.198
731.949 158.741 7584.274
974.257 963.277 4398.186
267.292 177.633 426.479
423.845 171.401 3889.876
208.459 599.404 1550.273
262.475 534.652 6550.236
579.839 270.627 7431.501
314.684 318.737 5835.049
339.937 673.591 7632.102
348.392 181.009 1416.447
364.821 438.901 285.233
282.736 541.18 5636.613
392.85 549.889 277.336
477.296 972.786 1594.594
788.934 920.182 3040.928
121.977 415.805 8285.294
805.582 752.924 5316.744
302.599 272.347 8236.272
103.813 798.427 73.362
880.613 715.925 172.07
205.297 161.193 7949.497
6.512 907.26 9637.141
505.32 58.85 8290.35
292.804 524.838 955.574
633.841 93.132 1985.178
357.851 767.003 4095.953
630.259 391.876 7997.761
367.528 116.905 5108.927
339.701 953.42 9552.487
145.27 956.491 1948.112
59.747 749.757 2453.128
487.454 17.211 2275.316
103.413 498.46 1744.318
151.818 531.409 2861.068
105.713 418.409 7871.454
20.113 339.477 3462.058
517.886 960.626 5366.127
657.943 575.703 1598.049
407.944 219.54 5812.858
686.826 534.18 8940.761
942.969 45.275 9089.293
375.148 960.675 8513.25
463.86 404.449 8485.186
771.745 54.767 3496.578
995.211 182.715 3883.441
721.281 547.978 35.736
151.627 840.896 4535.756
684.052 169.6 5382.463
419.069 379.195 7611.438
450.971 865.419 9330.969
589.514 228.251 8384.904
410.748 210.737 6984.71
14.975 566.682 2118.075
851.021 394.806 8198.003
300.288 303.661 70.025
15.645 957.884 7793.943
972.48 500.576 3028.182
0.606 565.211 8067.023
619.258 323.244 4922.307
552.092 606.834 3801.15
473.324 997.698 7792.204
979.919 342.843 706.074
597.985 517.406 3189.387
562.611 866.413 1901.186
789.613 643.798 6277.028
388.42 950.335 7927.416
312.942 728.11 8945.655
738.055 166.467 3286.622
306.398 30.475 397.123
105.185 733.612 4203.148
489.363 38.503 5297.967
302.035 741.619 6152.671
945.798 105.839 4915.802
888.824 523.592 6656.316
695.269 901.582 8998.025
273.326 481.509 5309.308
361.413 341.403 618.707
173.285 12.838 3387.911
49.102 64.628 2113.717
939.565 907.971 4509.628
7.115 129.589 3571.366
268.369 683.865 3531.784
416.67 469.906 1390.2
650.013 453.056 6453.837
763.423 131.923 119.928
120.07 686.172 798.645
449.03 289.692 7347.565
403.306 369.058 5516.188
227.505 197.391 6678.984
825.911 763.165 6576.952
532.709 324.965 5015.38
668.018 102.654 9267.538
39.458 963.594 6172.606
234.216 877.986 8902.649
787.115 162.14 6495.487
429.552 810.016 6829.14
727.871 340.261 9254.519
183.81 578.868 9791.342
651.214 741.008 2272.9
606.26 878.22 4993.613
511.769 755.335 8130.603
261.928 379.986 5545.635
352.55 339.602 3360.672
720.866 850.497 6886.968
293.895 318.266 3941.655
373.139 512.876 2707.02
646.372 427.966 9968.147
50.21 28.868 2720.954
721.893 923.306 5236.63
920.898 326.347 6315.804
651.155 382.874 4422.98
406.934 247.405 7897.85
679.285 777.522 5076.34
5.869 379.41 7074.262
388.991 689.326 6555.861
231.203 872.864 380.261
897.268 893.893 7754.854
741.454 882.096 9877.276
765.312 982.17 8672.883
788.697 996.628 6826.326
551.177 739.29 3010.612
576.992 593.155 7981.425
192.161 102.519 4594.002
982.998 32.927 5516.168
722.095 470.278 5921.51
402.903 581.449 4827.574
872.649 258.641 3027.064
596.215 532.962 3558.297
464.401 26.628 4438.029
189.564 399.482 9213.707
921.524 389.808 9775.383
671.054 963.097 6265.051
924.193 783.044 3705.681
983.016 202.844 9133.836
997.703 934.12 5942.871
240.725 477.471 7924.075
501.34 484.075 6962.863
245.625 178.458 5155.496
969.377 397.624 404.243
700.0 341.379 5468.22
439.539 805.303 6872.455
788.621 317.363 5702.461
320.765 412.053 4348.814
791.378 631.483 9759.129
464.094 95.835 8655.257
895.967 84.37 4040.969
541.817 352.345 3684.959
454.75 152.403 3350.167
166.237 662.8 7340.637
685.297 897.281 136.852
618.14 62.599 1508.282
657.108 166.454 8682.26
755.672 357.923 5834.535
291.728 532.47 9857.662
958.166 810.454 7690.077
780.749 534.29 6691.571
569.609 219.476 8327.199
94.101 621.448 9237.966
658.028 254.86 5933.686
204.115 208.904 2770.858
336.922 509.753 4822.846
930.768 294.68 2707.672
911.87 971.08 374.85
358.802 713.969 4926.736
650.151 668.942 7270.662
73.337 764.232 1302.349
626.258 929.209 3968.193
789.422 269.661 7812.947
395.936 480.627 5911.336
641.801 215.954 9931.187
892.117 268.864 9505.472
579.977 605.15 6095.16
36.057 112.354 6025.604
153.299 804.739 1772.336
906.081 752.689 1152.258
940.975 216.618 1315.691
616.623 656.6 281.023
999.256 813.025 2797.042
215.365 415.127 9868.206
776.028 893.17 8076.914
212.033 353.132 320.463
841.985 143.02 293.123
786.252 150.449 9992.131
664.76 740.227 7950.073
183.2 823.185 3120.586
211.828 267.266 6064.967
366.024 305.317 6626.565
910.817 680.941 3041.524
146.128 389.02 2970.837
969.734 560.001 7731.377
921.61 756.189 4247.53
109.405 510.951 5611.403
907.281 889.372 8683.225
777.694 573.361 224.236
595.496 460.69 6193.768
88.211 20.209 5540.038
826.281 331.93 7840.468
290.757 307.841 4210.088
620.38 74.572 2355.662
68.729 477.891 3775.367
114.327 248.423 5524.808
449.361 855.525 8713.392
978.795 922.206 8487.635
481.905 902.348 7169.976
468.335 736.055 4042.093
9.545 967.437 1714.336
282.418 398.588 5108.792
52.713 7.798 8329.293
176.137 880.917 2665.474
301.109 112.985 4925.734
377.966 764.597 6935.117
542.655 532.911 3242.835
407.196 564.716 2370.343
150.097 459.805 7322.68
562.612 274.829 5202.532
907.362 813.71 9558.324
826.12 555.516 9916.883
942.012 906.433 6305.269
11.526 648.587 5093.646
588.386 964.139 9383.852
932.894 276.409 8458.897
935.962 848.047 5618.834
83.663 59.645 8772.049
213.923 872.407 2466.187
644.065 732.908 8117.311
167.484 747.185 5337.793
579.133 79.228 1256.497
132.641 409.68 8493.699
583.242 760.523 9654.059
599.049 816.623 1338.333
772.453 359.144 1533.377
947.931 779.925 1110.246
347.119 28.418 7516.763
592.346 200.755 9741.81
140.724 288.317 4909.342
556.835 815.694 1001.813
654.814 103.192 5096.955
285.175 964.65 5804.872
144.246 396.021 4647.013
128.546 244.33 1130.516
773.7 338.73 5054.296
58.356 966.553 6663.964
199.313 908.866 1405.19
981.802 512.605 3841.028
943.97 413.769 1006.538
974.331 299.952 3211.004
108.901 596.169 7920.995
438.665 664.984 7152.347
697.061 988.207 3769.752
859.188 445.458 8183.676
686.693 859.6 3724.905
444.076 21.69 6073.219
979.639 192.357 5655.58
583.614 570.56 5297.891
123.358 938.047 470.65
46.252 997.516 4242.442
855.221 500.272 92.064
75.825 556.944 7931.671
801.243 107.437 2690.464
732.399 340.73 1595.625
259.583 968.904 1031.851
670.819 320.407 5488.777
764.578 857.771 1452.179
107.383 353.719 5097.915
833.991 849.319 7246.348
565.328 817.506 1127.09
897.069 225.936 9498.186
489.911 282.952 1857.556
251.855 194.298 676.665
406.635 805.916 6030.901
47.185 752.903 5987.301
681.45 35.58 7148.062
689.796 298.622 5521.95
395.963 942.099 2837.858
873.696 917.668 6939.074
437.497 693.468 4017.158
173.175 613.955 5692.98
733.435 160.212 4200.511
60.009 377.901 3896.111
39.018 952.686 6248.545
449.033 179.707 2643.646
771.638 480.301 1769.014
765.521 918.482 8173.489
823.754 617.442 2467.931
805.944 604.352 3415.237
878.612 441.67 6125.672
745.762 674.199 1355.358
592.774 622.203 6147.665
870.673 218.671 9988.175
738.634 248.924 9383.684
480.258 951.645 4427.333
457.056 744.186 4164.687
865.61 202.983 5733.144
640.441 453.521 9281.569
898.058 827.889 8099.324
932.064 200.654 5404.425
108.816 264.891 2888.304
217.59 572.795 6661.378
885.593 649.808 5476.919
925.173 701.426 678.63
680.104 812.205 6561.558
114.431 471.234 7212.978
699.996 597.97 5280.498
691.474 246.716 5938.053
161.942 527.623 5766.592
153.715 595.421 3298.301
693.252 612.781 9289.74
857.925 23.935 2411.251
193.07 807.441 448.689
778.139 264.391 2538.596
378.527 208.134 1607.22
233.919 164.255 9888.691
245.552 675.926 5341.071
828.189 171.252 6654.382
839.722 19.076 9688.293
338.334 870.776 2896.731
552.612 530.208 6814.793
102.402 49.777 6791.921
798.829 345.066 7875.493
378.72 524.816 3968.925
474.938 407.411 7644.995
623.732 101.278 251.676
312.828 459.191 3404.175
817.741 815.343 3622.517
797.252 396.445 6813.539
106.981 262.405 8153.366
72.896 56.205 2512.154
655.134 718.786 2985.844
494.779 341.265 7102.881
787.302 723.658 4128.859
623.393 908.608 389.617
140.36 282.448 2297.792
400.859 100.598 2308.25
528.56 281.185 628.298
506.572 589.961 3246.572
811.799 634.453 6713.325
942.309 341.018 8404.995
982.892 121.115 1856.484
371.201 8.465 3753.654
532.738 456.658 9999.493
688.223 145.946 8955.204
519.081 495.966 725.687
459.24 471.342 2528.084
562.575 314.172 6794.223
880.75 622.539 4422.504
677.4 456.805 1517.693
604.466 71.874 8190.12
663.585 736.1 5125.591
383.029 181.622 7886.166
42.387 352.671 192.048
940.39 355.957 6806.344
799.233 786.868 2852.151
589.743 252.705 5905.451
652.529 200.388 459.067
922.055 483.859 8264.645
129.454 55.956 4585.302
799.93 876.81 2982.362
387.132 263.23 5855.375
17.283 455.374 2291.772
751.484 526.082 9492.551
349.49 894.237 1205.764
185.703 256.014 6116.311
517.648 412.876 427.855
971.722 655.875 5155.932
442.44 312.573 3232.067
463.935 517.046 133.746
357.935 576.799 2313.295
824.79 232.789 8372.727
105.338 902.147 6767.471
692.952 253.943 7719.447
615.091 1.885 5121.951
80.357 115.496 436.023
18.373 121.803 2163.995
804.739 580.706 8263.284
483.621 70.034 3890.562
96.451 892.202 2020.537
149.497 127.292 1626.317
876.737 517.524 6182.224
994.126 456.946 7847.86
589.934 732.338 1324.515
134.54 857.728 8848.689
432.353 422.646 800.174
555.15 224.701 3637.834
700.415 303.781 8581.435
206.644 32.473 1660.97
671.7 467.236 1980.405
555.742 701.306 560.15
623.364 566.237 455.586
182.423 321.485 7460.087
18.142 749.512 2451.404
767.094 910.684 5616.71
581.293 533.665 9173.538
560.107 976.577 1837.993
531.284 473.535 3323.645
126.357 512.944 7256.881
988.814 724.573 3518.868
176.556 829.191 4889.458
995.823 290.91 788.942
674.219 504.768 6254.912
348.051 988.753 2030.416
105.353 772.212 7192.793
848.207 420.199 9425.628
950.04 313.545 131.603
685.278 712.507 2894.736
557.306 649.008 8403.891
549.361 519.282 902.013
24.319 396.442 3948.28
207.831 61.637 111.29
467.514 872.305 5788.7
551.756 489.908 6177.159
568.013 26.869 5154.661
322.27 922.427 1534.336
219.807 88.65 7841.534
642.902 441.62 4542.18
921.677 615.831 3463.197
210.385 545.624 1358.325
569.644 791.148 9396.401
174.867 933.77 4026.907
34.634 674.49 8451.021
809.119 586.839 7514.06
280.736 963.821 9335.754
510.739 349.734 4815.905
395.376 376.727 7756.604
283.585 269.056 3280.7
288.447 615.335 135.887
933.961 836.517 374.459
669.083 626.867 7341.785
919.312 768.919 2194.143
344.666 428.03 60.422
275.268 665.798 9979.289
696.673 577.692 2330.814
790.481 648.143 6045.157
84.187 710.08 3823.117
614.508 139.076 1280.41
791.978 677.716 2416.594
585.375 214.942 7411.073
281.712 394.279 5988.502
610.893 269.892 2389.667
899.653 554.195 9740.301
588.367 107.537 752.695
741.496 976.381 3263.579
305.281 430.261 9798.143
146.128 359.657 9504.097
29.752 142.803 9633.507
778.183 29.06 7156.134
621.876 946.252 1168.754
629.394 624.761 4367.649
820.335 567.862 2081.125
607.805 264.484 7234.938
274.276 269.271 732.008
950.657 169.102 2907.686
87.147 290.856 1511.367
171.965 49.164 7424.395
352.07 834.962 9632.026
991.844 224.09 85.862
919.781 449.417 6973.14
966.107 799.138 3400.962
529.258 50.737 4126.578
787.697 618.351 3773.671
323.807 801.286 3747.822
334.357 801.742 8230.929
594.52 25.785 1039.021
29.644 666.118 5924.21
558.327 891.272 3549.616
428.789 722.09 5898.905
855.918 674.033 2291.669
770.888 282.866 9959.09
809.207 762.236 2723.824
610.062 358.106 8323.637
918.91 680.872 8719.257
278.106 830.001 7354.797
517.636 134.975 6927.816
489.223 107.303 842.542
376.583 528.557 7667.821
694.896 261.691 6266.346
645.609 482.9 1804.902
77.075 101.728 3968.602
84.795 323.057 9128.437
245.574 311.965 3317.058
715.582 272.091 1124.19
617.87 54.357 5483.04
922.479 556.718 1336.911
115.163 718.995 6411.844
610.962 825.812 6759.891
638.169 540.914 6624.454
258.621 176.459 8889.652
892.372 836.023 1597.342
867.253 804.791 8721.458
539.583 715.505 9269.856
762.49 406.332 4482.605
557.116 424.685 595.829
520.618 170.538 8221.288
705.7 326.606 7575.343
702.473 696.107 9374.248
432.576 966.495 7680.796
511.24 718.708 2479.66
578.849 361.857 7553.844
481.398 934.164 7605.319
304.052 462.089 5040.612
163.321 832.998 6616.92
491.467 705.81 1514.729
852.546 673.317 4877.055
32.816 415.326 4692.727
381.695 17.276 5570.864
209.682 844.147 1174.758
50.562 572.308 4796.389
462.912 520.65 2364.356
916.948 14.636 7502.615
163.315 891.083 3572.155
955.28 553.525 2940.668
232.328 487.159 4546.619
356.624 916.784 9617.221
196.88 53.57 7675.354
384.014 319.159 2876.127
257.17 441.611 4157.63
399.47 605.653 7725.562
380.23 76.576 6775.207
679.153 853.304 7883.456
158.482 455.128 2916.016
462.882 151.346 2212.053
965.381 238.144 2384.251
922.936 366.658 7700.466
746.048 934.667 9629.911
760.593 416.521 5348.043
967.626 81.086 9438.839
370.084 813.286 1086.001
861.998 910.35 3147.432
668.328 87.014 8103.652
84.413 280.075 109.769
41.482 625.561 2440.859
419.287 633.537 6693.207
469.557 662.007 8761.234
744.55 848.596 4474.256
868.421 673.698 4090.646
346.065 378.077 6731.499
441.635 594.261 721.499
3.18 289.581 686.9
316.923 660.431 5142.14
366.684 908.437 4350.019
704.56 771.909 2918.751
764.522 286.761 5109.536
55.484 209.238 3068.834
113.601 743.48 449.524
310.195 878.034 3224.568
424.789 120.659 4119.634
957.084 796.076 5363.03
971.608 103.418 7752.796
699.272 852.738 3119.643
481.728 173.817 4014.19
547.631 410.012 5710.943
306.843 280.034 2812.65
896.608 714.616 751.418
955.139 664.26 3560.792
928.024 407.159 2203.959
327.734 116.54 9802.094
651.913 374.559 9270.497
604.288 114.382 5319.833
205.81 445.244 4093.285
763.517 323.473 4910.81
164.214 794.497 8051.749
913.497 24.324 6871.587
574.959 652.689 8526.92
828.194 490.846 5650.622
52.352 907.204 6056.374
646.312 774.607 1529.162
378.573 296.474 9576.97
563.777 884.274 3288.65
852.137 120.489 9179.122
441.465 932.171 3.069
779.361 167.116 8672.014
626.371 434.111 8980.347
532.718 980.088 6950.229
440.474 877.164 9805.434
46.524 696.985 8293.318
892.161 741.663 4965.632
330.318 660.294 8424.519
297.081 4.7 7941.669
945.233 469.754 9475.397
917.557 435.33 1419.875
596.969 389.835 2490.536
122.802 686.521 4634.613
286.15 264.147 8270.502
288.756 812.078 7217.47
354.991 702.745 4170.437
970.745 701.858 1461.013
357.508 104.237 6893.299
240.69 395.913 8969.263
834.898 529.939 5756.773
351.428 964.985 6352.394
721.034 961.418 1756.12
613.812 835.092 7236.125
455.087 616.942 9845.198
9.708 88.872 422.197
705.553 769.743 3036.814
249.394 443.569 1799.47
476.047 566.68 472.482
770.999 629.978 7528.282
878.39 276.718 8790.372
300.006 669.74 9285.515
930.026 963.498 8657.175
687.842 758.689 6864.709
814.735 955.692 922.138
651.531 846.819 6293.636
388.99 535.506 9665.574
984.473 593.013 1698.91
618.908 753.884 584.54
716.595 744.225 9470.144
689.362 157.118 1288.604
407.39 520.106 3630.199
879.033 841.645 6740.959
266.492 698.143 697.358
881.466 682.109 5315.575
544.021 510.84 1442.788
57.869 763.94 3759.445
719.651 451.982 733.836
414.758 129.727 8228.682
469.448 707.048 6761.255
737.649 474.116 1955.665
399.449 283.7 8245.171
906.813 622.411 1917.5
722.75 429.236 5288.677
645.498 652.883 8998.59
712.624 537.057 3205.753
774.758 693.359 925.633
99.862 214.483 2417.411
988.601 482.025 24.077
981.775 307.603 4130.411
532.189 145.673 9392.033
78.968 549.896 5449.76
324.534 652.727 170.647
791.43 761.77 7510.897
672.823 552.049 8437.435
867.288 616.413 1550.54
982.252 842.496 5058.379
176.857 388.721 5185.644
774.038 734.949 3271.716
74.712 600.905 875.812
932.968 192.495 2476.009
798.297 399.642 1162.276
759.094 161.909 8760.887
880.116 971.44 8081.838
987.757 458.738 2222.946
400.523 497.966 3640.863
156.279 129.117 2592.822
260.249 541.255 2615.546
269.938 495.909 672.061
358.576 346.539 651.914
686.364 888.649 6518.711
398.983 171.354 8822.589
75.394 561.711 2175.748
955.303 254.042 8826.623
596.67 500.675 8422.609
786.279 579.875 981.333
492.73 602.465 931.89
224.75 893.015 4357.914
840.716 161.727 1184.373
751.595 938.219 5880.878
507.734 197.302 4358.02
727.731 245.622 3189.316
476.837 73.556 8451.626
255.557 739.646 6508.472
762.875 198.642 2391.088
501.843 450.82 3884.743
527.305 574.366 2524.313
686.572 825.433 4796.467
682.643 310.736 6436.888
647.924 797.923 1485.76
1.426 255.155 5580.787
175.643 446.863 9201.205
309.286 895.938 6937.368
578.464 776.53 3953.924
841.738 128.653 2437.264
553.039 828.217 4146.001
921.064 189.925 9705.635
860.639 851.643 4524.308
201.837 606.799 932.865
524.513 876.623 3057.665
326.428 842.473 8297.66
837.693 485.285 3462.347
707.545 74.934 4870.362
942.683 459.011 4860.741
642.555 279.493 2746.296
807.044 872.24 1319.638
190.033 226.874 4218.131
190.736 34.599 5365.942
375.474 804.857 3977.374
472.033 897.595 2825.353
810.181 44.728 7991.717
680.988 393.247 9999.005
721.556 627.183 8159.273
666.407 957.502 6028.442
517.869 370.834 6883.787
299.95 805.674 2763.448
206.419 107.064 6106.531
976.644 512.18 5221.81
408.054 426.381 5299.15
304.37 40.958 8215.513
67.349 474.364 9664.649
856.931 561.404 8533.179
747.421 382.297 5976.917
689.345 449.896 8551.785
169.125 63.011 9747.443
145.084 647.822 1858.345
251.025 182.669 4844.762
409.942 649.705 6669.818
720.674 752.367 9379.896
544.951 502.192 41.082
587.789 259.469 9150.616
41.87 276.239 8259.286
631.264 789.571 9718.618
641.766 47.185 3869.928
86.871 559.583 8255.053
514.598 794.276 1616.009
9.992 496.359 7578.664
361.71 172.687 7565.624
203.826 431.089 3742.996
441.897 474.616 2943.427
71.12 536.741 9489.598
475.357 485.581 5974.004
486.16 385.501 3726.244
310.178 358.64 7415.877
560.325 438.476 9735.333
776.937 120.757 3657.605
