 458.2676225937   79.9086210096 300000.0000000000
1917.7160286519  762.9644340868 300000.0000000000
   7.7231378190 1097.5334408156 300000.0000000000
-1072.6888331976  998.4987263479 300000.0000000000
-2300.2988006381 -973.4876375604 300000.0000000000
 416.4104745479 1163.5581757858 300000.0000000000
-994.0516052048 -261.6589496374 300000.0000000000
3048.8840037840 3403.3133004599 300000.0000000000
1262.1335854576  163.7399095771 300000.0000000000
 758.7862559526 -2625.0135485693 300000.0000000000
 335.1243895154 -876.2705754818 300000.0000000000
  49.6649768342  154.1637117467 300000.0000000000
 758.2652679283 2636.4049520804 300000.0000000000
1098.9276560241 -1638.8796348691 300000.0000000000
 515.4580422227  349.0598152812 300000.0000000000
-631.3222022909  957.1652589269 300000.0000000000
