513 714 400000
716 424 400000
774 195 500000
714 317 500000
1 676 500000
710 246 200000
400 550 100000
193 360 500000
237 215 300000
35 774 100000
230 487 500000
665 755 100000
118 730 300000
665 644 100000
454 197 400000
244 107 100000
422 507 100000
12 701 300000
161 490 500000
94 77 100000
361 307 400000
190 172 400000
348 642 100000
700 507 500000
570 514 200000
221 758 100000
118 732 400000
565 744 200000
572 106 400000
699 552 100000
799 113 500000
139 655 400000
235 203 300000
260 104 300000
482 226 200000
548 447 200000
626 565 400000
59 330 500000
545 455 300000
625 354 500000
430 353 500000
446 45 100000
634 280 400000
216 540 500000
658 222 200000
366 323 100000
32 149 400000
782 560 100000
677 657 100000
229 482 200000
686 112 300000
455 558 300000
80 744 300000
261 160 500000
97 371 500000
608 737 300000
671 322 400000
499 304 400000
209 181 100000
727 763 300000
350 649 200000
679 656 200000
701 737 100000
555 550 300000
502 647 400000
671 8 400000
715 231 100000
460 730 200000
413 491 100000
575 770 400000
419 673 500000
727 552 100000
793 454 500000
355 561 500000
77 263 500000
523 486 500000
458 401 100000
715 61 300000
476 26 100000
771 153 200000
581 572 500000
240 499 200000
556 44 300000
360 399 200000
267 29 500000
21 552 400000
487 562 200000
32 477 400000
659 153 200000
81 477 100000
722 258 500000
788 499 500000
607 607 400000
431 167 100000
17 786 500000
219 7 400000
107 46 100000
748 78 300000
203 289 100000
37 371 300000
24 645 400000
583 186 300000
42 345 500000
698 776 400000
153 346 100000
789 565 500000
377 224 200000
527 524 200000
706 280 200000
238 317 500000
696 341 200000
164 124 300000
483 519 500000
609 769 200000
102 474 500000
382 463 200000
574 392 100000
460 471 200000
776 377 200000
134 615 400000
215 63 200000
142 579 400000
606 262 500000
616 71 400000
154 526 500000
38 460 300000
39 234 200000
616 694 300000
117 223 500000
699 357 200000
349 573 100000
341 267 200000
361 73 500000
100 241 300000
160 395 400000
694 433 500000
443 24 100000
584 640 100000
748 758 100000
489 209 500000
45 558 500000
17 451 200000
569 12 100000
135 464 200000
572 624 500000
288 70 500000
464 513 500000
74 649 500000
731 597 500000
11 286 400000
1 332 500000
467 701 100000
49 470 100000
56 605 500000
304 730 200000
148 570 200000
778 234 300000
184 660 200000
230 592 500000
235 155 300000
0 508 500000
324 176 400000
652 577 400000
192 633 200000
196 489 400000
729 638 400000
181 168 300000
50 704 500000
216 134 200000
532 721 500000
687 274 500000
21 598 100000
761 450 300000
20 194 300000
588 743 300000
286 672 300000
554 405 300000
608 455 200000
522 224 100000
581 308 500000
347 195 400000
621 569 200000
624 530 500000
403 102 400000
16 242 200000
470 528 200000
762 634 200000
774 442 500000
242 517 400000
292 650 400000
616 197 200000
414 370 100000
363 194 300000
314 598 100000
107 166 300000
196 188 400000
157 502 300000
75 28 300000
449 270 200000
599 114 200000
610 731 100000
16 697 100000
791 612 300000
400 126 300000
112 586 100000
515 334 400000
550 43 100000
419 118 400000
731 120 100000
664 719 500000
447 529 100000
427 97 100000
330 440 300000
779 41 200000
226 153 300000
191 220 200000
344 770 200000
551 390 500000
786 673 200000
491 538 200000
310 537 300000
413 517 300000
413 47 300000
577 26 400000
68 604 300000
497 795 300000
460 691 400000
466 794 100000
143 780 400000
739 471 400000
7 333 400000
157 746 100000
404 711 300000
291 41 100000
572 461 500000
654 511 200000
508 171 500000
333 190 400000
548 333 400000
189 624 200000
719 632 500000
187 341 400000
172 745 200000
556 588 300000
518 360 200000
284 566 300000
45 275 400000
49 608 100000
399 709 400000
377 450 100000
730 369 300000
265 109 400000
450 633 100000
98 390 100000
588 460 200000
739 745 500000
601 342 500000
186 744 100000
762 343 500000
422 721 500000
707 651 100000
376 468 500000
34 470 400000
341 569 100000
437 357 100000
445 648 100000
219 449 100000
269 187 500000
31 149 300000
150 572 100000
719 31 500000
409 408 500000
561 442 300000
194 336 200000
569 325 100000
604 770 400000
137 541 500000
12 362 200000
183 393 200000
697 543 100000
685 14 200000
524 776 500000
735 537 500000
617 283 300000
620 404 300000
532 560 500000
740 697 100000
501 261 400000
98 444 200000
196 694 300000
66 579 200000
319 303 500000
629 590 400000
485 760 200000
677 580 100000
746 313 200000
785 605 100000
565 307 500000
708 757 400000
797 153 300000
629 219 400000
27 90 200000
202 271 500000
465 756 500000
564 185 200000
266 131 200000
529 468 300000
690 234 200000
664 494 100000
634 43 400000
499 224 500000
142 252 500000
441 6 200000
530 471 500000
579 587 300000
760 54 100000
359 583 500000
563 25 100000
626 689 200000
646 524 300000
19 575 200000
315 717 400000
701 358 500000
559 440 400000
374 571 300000
278 84 200000
313 443 300000
369 206 300000
659 32 500000
548 678 100000
480 249 100000
188 564 500000
597 17 400000
563 577 100000
553 151 300000
683 429 200000
66 294 200000
33 664 300000
378 75 500000
612 175 500000
122 207 100000
207 396 200000
113 545 400000
378 308 100000
284 414 400000
761 297 500000
74 363 500000
630 749 100000
144 327 100000
490 139 400000
714 613 100000
739 372 200000
80 485 200000
238 64 300000
526 348 200000
164 661 100000
584 287 100000
498 469 500000
180 613 400000
385 303 500000
670 569 300000
11 508 500000
99 140 100000
381 730 200000
75 456 200000
183 621 500000
588 757 200000
460 455 100000
282 635 100000
430 572 100000
270 795 500000
722 6 500000
299 105 500000
361 38 200000
487 113 400000
65 296 200000
304 436 400000
30 97 100000
577 379 300000
489 361 200000
704 631 200000
240 106 500000
284 757 300000
20 318 100000
486 357 200000
161 422 300000
457 726 200000
262 308 100000
522 437 200000
521 478 300000
293 382 200000
59 622 500000
184 458 200000
766 478 500000
138 164 400000
424 678 100000
559 687 400000
330 150 400000
102 224 300000
253 746 100000
765 239 500000
661 650 400000
567 386 200000
78 704 500000
259 43 100000
797 19 100000
157 130 400000
147 460 400000
445 562 500000
732 367 100000
249 333 200000
148 546 300000
221 314 100000
304 392 100000
65 652 100000
343 201 200000
498 711 300000
541 58 500000
286 56 500000
256 340 200000
523 590 200000
230 290 400000
139 64 500000
434 368 200000
186 786 100000
333 329 500000
52 379 100000
349 473 400000
210 759 500000
634 567 300000
626 291 300000
502 521 500000
477 212 400000
766 198 500000
200 737 100000
637 270 200000
476 322 100000
226 223 400000
387 434 100000
603 268 300000
360 446 400000
259 501 200000
449 530 400000
702 497 300000
76 249 500000
588 86 200000
629 115 200000
250 693 500000
695 280 100000
300 84 200000
25 796 300000
40 256 100000
577 705 200000
77 159 100000
576 236 500000
212 24 300000
119 206 500000
252 456 400000
256 703 400000
599 556 500000
410 581 200000
667 621 500000
530 750 500000
571 28 400000
213 156 200000
552 369 400000
81 488 500000
526 740 300000
416 548 300000
586 347 400000
41 757 200000
644 177 400000
703 259 100000
219 30 400000
694 243 100000
158 347 200000
798 780 500000
44 58 200000
546 474 200000
55 261 200000
569 654 100000
415 50 500000
435 305 400000
406 76 100000
756 322 100000
463 480 300000
539 478 100000
655 522 400000
263 620 400000
420 676 200000
28 797 300000
393 764 500000
488 400 500000
41 358 100000
329 314 500000
59 330 100000
137 69 100000
99 277 100000
567 540 300000
262 512 400000
570 540 300000
732 486 300000
48 174 500000
117 567 300000
614 96 400000
634 508 400000
686 197 100000
416 296 300000
573 63 500000
551 678 500000
404 448 500000
159 733 100000
326 781 200000
445 451 200000
474 617 500000
17 3 300000
243 689 500000
90 658 100000
214 431 200000
78 182 200000
7 139 200000
29 298 200000
536 176 100000
418 173 200000
771 647 100000
420 216 500000
130 459 100000
484 549 400000
687 763 100000
505 394 300000
553 753 400000
249 782 200000
231 519 300000
546 489 100000
64 460 500000
199 432 200000
690 562 300000
271 599 500000
509 38 500000
731 543 400000
336 296 500000
79 97 200000
121 328 300000
690 426 200000
281 490 200000
422 242 500000
428 132 400000
798 755 300000
117 465 100000
551 748 100000
132 284 400000
466 364 200000
334 485 200000
722 727 400000
798 560 100000
87 183 500000
608 163 500000
91 161 500000
526 278 200000
198 382 100000
766 66 500000
29 84 400000
542 418 100000
136 340 100000
156 691 100000
666 330 400000
171 138 300000
160 581 100000
456 659 500000
418 58 400000
328 24 500000
74 405 400000
185 500 400000
332 636 200000
407 792 300000
243 658 500000
613 381 500000
347 93 100000
243 550 100000
769 520 100000
77 48 200000
603 474 200000
61 659 200000
641 544 300000
762 503 500000
326 746 100000
220 112 400000
604 11 300000
322 254 500000
699 223 500000
334 652 500000
345 455 400000
313 68 100000
430 710 500000
734 224 300000
231 551 200000
386 323 100000
474 128 200000
208 2 400000
492 701 400000
496 587 200000
100 484 200000
531 349 300000
21 779 300000
407 266 200000
496 497 500000
84 83 400000
136 109 400000
200 670 100000
518 362 400000
611 411 300000
557 511 400000
511 242 300000
533 615 500000
17 574 100000
525 623 300000
337 707 300000
120 44 400000
383 244 400000
200 314 400000
270 125 500000
479 235 300000
372 746 300000
166 31 500000
740 400 500000
780 125 300000
69 462 200000
593 134 300000
779 69 400000
482 621 300000
452 91 400000
33 570 400000
126 494 200000
365 661 300000
419 601 300000
248 134 500000
700 555 500000
164 701 100000
471 680 100000
575 714 400000
192 367 100000
287 400 300000
617 78 300000
93 443 100000
752 63 400000
211 663 500000
148 116 100000
99 280 200000
184 751 200000
691 526 100000
220 719 500000
192 558 300000
734 376 100000
523 469 200000
525 774 500000
329 185 300000
618 333 100000
215 432 100000
161 169 300000
339 60 400000
432 632 500000
443 24 400000
55 311 200000
98 386 100000
584 112 500000
685 793 300000
649 611 100000
730 379 100000
290 540 500000
602 432 200000
193 64 500000
54 507 100000
474 115 400000
470 213 100000
488 797 500000
127 682 300000
656 531 100000
367 13 500000
414 304 300000
630 458 500000
106 203 100000
567 258 500000
605 284 500000
153 755 500000
440 795 200000
39 122 100000
431 779 500000
539 698 300000
673 664 400000
100 494 300000
311 600 100000
586 720 100000
121 77 100000
122 230 300000
337 223 300000
100 262 200000
98 246 300000
627 785 100000
721 210 500000
320 311 100000
729 622 400000
189 761 400000
612 434 300000
167 556 500000
29 445 300000
238 546 100000
569 644 400000
432 23 400000
544 296 400000
521 168 200000
191 97 200000
14 639 300000
109 451 200000
281 170 300000
236 551 400000
765 789 200000
757 110 100000
195 542 100000
770 639 200000
756 712 100000
252 103 500000
275 470 100000
707 131 200000
773 413 400000
148 201 500000
768 518 100000
686 476 200000
448 671 100000
233 642 500000
666 150 400000
468 754 300000
368 230 500000
458 137 100000
552 463 100000
15 163 400000
382 131 300000
737 17 400000
755 465 200000
516 250 100000
467 116 100000
331 585 100000
650 505 100000
639 515 500000
759 619 300000
397 187 100000
235 569 400000
144 58 300000
529 14 300000
786 530 500000
436 197 200000
589 80 400000
344 730 100000
681 569 100000
355 81 100000
45 478 300000
345 265 400000
681 762 200000
233 491 300000
603 477 300000
422 466 300000
710 255 300000
335 151 400000
465 32 500000
663 387 300000
328 432 300000
532 330 400000
57 211 300000
440 796 400000
38 599 200000
165 574 300000
394 484 500000
704 20 100000
144 37 300000
153 700 200000
596 580 200000
268 664 400000
558 721 200000
10 714 300000
754 752 500000
727 469 400000
366 64 500000
260 320 200000
305 464 500000
734 617 200000
302 765 300000
303 586 400000
186 696 100000
632 707 200000
627 213 400000
421 492 300000
789 410 400000
745 670 400000
722 527 500000
288 13 300000
554 315 500000
601 619 100000
65 357 300000
602 542 200000
605 369 200000
208 790 100000
632 331 100000
673 276 300000
233 550 500000
258 38 500000
452 593 500000
611 746 100000
109 363 400000
751 517 100000
404 322 200000
622 530 400000
532 715 200000
52 588 500000
594 21 100000
415 279 400000
249 731 400000
750 95 100000
271 204 100000
501 507 400000
473 111 100000
14 285 400000
249 17 400000
15 421 400000
409 567 500000
554 534 200000
290 335 500000
170 285 200000
445 108 100000
636 609 300000
96 282 100000
326 648 300000
191 97 500000
419 112 300000
339 74 500000
729 180 100000
502 470 100000
558 641 200000
710 638 500000
617 26 200000
680 474 400000
757 1 500000
320 544 200000
251 516 200000
604 55 100000
275 336 100000
481 38 400000
573 149 200000
599 59 200000
286 676 100000
582 108 500000
712 418 300000
691 738 300000
320 541 400000
413 697 400000
228 173 100000
575 206 100000
145 331 500000
356 131 100000
310 769 500000
290 551 300000
744 15 100000
752 259 100000
56 579 300000
324 544 500000
199 324 500000
59 99 300000
662 597 500000
613 153 100000
624 15 200000
63 305 500000
762 602 500000
280 554 400000
535 610 500000
532 486 100000
779 685 500000
398 297 500000
576 511 400000
285 324 200000
477 500 500000
190 563 500000
454 78 200000
733 358 300000
24 93 500000
245 178 300000
211 157 400000
500 107 300000
441 235 400000
179 520 500000
423 549 100000
682 739 100000
798 393 400000
717 679 400000
389 255 300000
576 52 300000
448 263 200000
558 316 400000
517 309 500000
187 41 200000
182 464 200000
229 698 300000
39 248 400000
280 165 500000
78 107 500000
322 683 200000
744 683 300000
75 442 100000
666 511 500000
340 699 100000
438 81 200000
734 310 500000
74 701 100000
159 533 100000
123 612 500000
342 486 500000
165 431 400000
252 58 300000
207 724 400000
24 616 300000
329 255 100000
651 541 300000
422 167 200000
794 326 500000
532 449 400000
376 343 100000
456 509 400000
771 313 200000
280 73 400000
300 97 200000
220 778 200000
220 181 100000
435 156 300000
551 150 200000
752 682 100000
766 259 200000
466 267 100000
149 590 100000
242 70 100000
260 370 300000
447 142 400000
440 715 500000
527 350 100000
782 453 400000
563 405 100000
345 371 200000
471 37 100000
658 538 100000
359 781 300000
484 241 100000
259 240 300000
12 233 300000
298 760 300000
389 742 100000
534 57 400000
209 403 500000
48 74 500000
153 733 300000
49 644 400000
366 680 300000
606 139 500000
189 503 500000
38 2 100000
238 743 500000
538 477 500000
348 238 300000
178 286 400000
749 792 200000
258 41 300000
197 759 400000
281 118 500000
157 659 100000
267 697 500000
689 135 500000
605 226 400000
579 574 200000
508 304 100000
512 605 300000
0 64 100000
133 613 200000
498 446 500000
554 603 100000
666 70 400000
780 311 100000
389 117 400000
27 248 100000
256 757 500000
771 469 300000
30 21 200000
482 154 500000
93 204 100000
175 311 100000
115 177 400000
305 158 500000
183 99 200000
286 127 100000
516 735 500000
603 706 400000
495 288 500000
451 770 200000
572 415 300000
339 142 400000
261 258 400000
254 115 200000
559 298 300000
532 137 200000
402 653 200000
581 8 500000
781 503 300000
203 506 500000
131 630 300000
263 521 500000
259 783 500000
432 237 300000
315 796 100000
297 529 300000
759 483 400000
707 617 200000
562 598 300000
256 353 400000
273 484 200000
705 748 300000
31 207 100000
416 639 400000
468 506 200000
370 3 100000
410 314 500000
