 392.8762775252  584.0119561771 1742.2800000000
 540.9499901009   93.5661416161 3936.8430000000
 698.5418570643  717.9029260928 2015.3120000000
 538.6400541744  617.2929814294 3884.3920000000
 442.9880811251   67.4471602538  425.1430000000
 266.6320800876  888.5708880467 3719.8900000000
 208.2133264763  429.1272105064 6454.0410000000
 727.6298435329  712.1520130907 8420.8450000000
 854.0398766044  336.4270038833 3524.2860000000
  60.6121262693  361.4111121092 9195.4480000000
 610.1900487823  815.3132576336 5590.6500000000
 812.2858969103  588.5232964822 3734.3100000000
 525.4020192037  203.6160470853   77.0100000000
  16.1801263797  791.2669411183 6317.4220000000
 678.1352239030  709.1881541063 7601.8320000000
  98.4132590846  725.0780575621  595.8940000000
  57.6760851043  196.6521567307 7227.3830000000
 951.1667844271  858.5368917302 4602.6610000000
 810.6409613658  828.0159739055 5465.5640000000
 738.1129670252  811.2929808541 4575.8280000000
 898.1579933257  772.1249794249 3457.6640000000
 145.5161418617  349.5425670653 3152.9490000000
 952.5982020733  797.6277297783 8063.4510000000
  64.3121128371  255.4520799014 9283.5460000000
 885.4978884026  401.2710309224 2962.7760000000
 700.4716241848  440.8791718368 4398.3230000000
 253.2158553507  347.4104651574 7175.0900000000
 153.4700198537  896.3297475045 8773.6580000000
 503.4730331569  426.8860441626 2992.4670000000
 787.5209205651  204.3949175697 7164.2110000000
 521.1001124339  627.0139489043 8522.1390000000
 631.2569895118  200.6962284970 6389.2310000000
 678.1790649643  154.4392693369 2636.2050000000
 384.3659216485   29.3929004754 4112.1350000000
 233.0348947945  205.9306720149  888.8680000000
 861.9132868722  956.2098703063 6229.8240000000
  71.1408024907  547.5931340359 9113.7200000000
 268.0280619594  308.1120866475 5488.4790000000
 643.2372522871  771.1353035126 9152.6290000000
 131.7194645645  290.6378856991  785.2210000000
 532.7328350451  149.3185951767 6159.5270000000
  51.7991655973  973.6925070676 1438.0970000000
 423.5520662244  835.9048466821 4801.8290000000
 250.5091010746  763.3139096311 4066.8440000000
 685.9556049956  444.5339531431 8552.6230000000
 913.1011789671  316.7353227612 8899.3140000000
 242.6780505957  914.4778208392 1200.6120000000
 152.3668582614  283.5861168673 3797.3300000000
 510.0998411237  818.5889191440 7242.9740000000
 363.4310229649  937.2308650173 6294.1130000000
 763.7302085902  602.5844407131  478.6140000000
 577.6299357789  713.5110673921 8884.7590000000
 286.8508345398  548.3293607704  864.2650000000
 959.3939001448  713.0729893168 9862.0860000000
 704.5379034823  832.9979572484 4480.7840000000
 763.0500282342  208.3648863572 9511.5750000000
 358.4639404095  888.2046747023 1697.8020000000
 245.4460782697  284.4931251165 9558.9830000000
 863.8420438340  248.0780733768 3706.4150000000
 255.4361026172  638.5460628102 6709.2080000000
 828.2029091566  283.8190190372 7365.3380000000
 454.3310018508  765.7009425022 9950.4650000000
 369.0920672311  147.9001183137 5598.1540000000
 496.3331767876  820.2868891945 6267.9610000000
 607.6582400738   58.7013643506 3678.9870000000
 570.2643098336  200.6743765563 2478.9320000000
 847.8468885418  832.9090381297 6910.9270000000
 701.2639286029  760.0750468059 8247.7260000000
  83.7690690028  577.2946394151 9164.2570000000
 282.8000355326  679.4287911740 9866.0530000000
 764.8087304035  364.1428793274 4197.3140000000
 776.7938612462  689.0101008584 8208.5920000000
 140.2422374293  888.1960378626 7797.6860000000
 125.9010369501   24.3091576783 1235.9000000000
 800.3210455619  811.9060554891 1690.1030000000
 582.1439433149  328.3470272237 9571.4640000000
 323.7430691085  196.3350293731 3463.3700000000
 707.0930832243  542.7088236499 7803.3600000000
 873.6777824619  955.3989833274 7044.3420000000
 749.3159810114  586.2690396657 8247.2850000000
 594.6509901134  201.3282567934 7533.1330000000
 385.6743638071  523.3235232313 3669.7460000000
 235.9180189127  131.1501345465 2520.3840000000
 526.6640293574  738.4749286905  839.4990000000
 345.3790584191  371.4197348020 9812.9550000000
  56.8177763068  927.4453562502 4402.3020000000
 971.7813932483  507.1760989288 2246.0420000000
 705.5769034711   91.4400778768 6327.8870000000
 205.9509914245  598.3793596281 2873.6490000000
 839.9918436862   94.9681570554 7646.5830000000
 259.3070763321  482.7049334332 5190.1130000000
 628.3990522418  167.2801537751 8182.9470000000
 587.6650625737  398.5739018967  496.6890000000
 455.4850066035  246.6800783651 5030.4070000000
 838.1037542270  179.8240050331 8411.1930000000
 557.9721337495  582.9010579218 9338.4740000000
 939.4968333673  888.7270697283 2616.4850000000
 901.9199580235  120.1191219615 3065.4110000000
 333.5859587350  103.8343915292 6014.8000000000
 315.1209812173   23.6751910846 6366.0470000000
 310.5120634578  172.2510571492 1728.2670000000
 720.4919857162  225.6181838375 2636.9280000000
 374.5327862073    3.1477222478 6058.5130000000
  60.1700157017   33.1780174847 1548.6160000000
  23.2722719062  522.9549823761 9256.1540000000
 648.2682433250  952.4019018826 1995.2490000000
 825.1079115721  757.4360261412  388.9410000000
 408.0160930123  755.5479643885 2341.4100000000
  68.9201078825  847.6579936480 4838.8700000000
 823.2380821863   91.4621813008 6921.0350000000
 930.0087111967  764.3409586754 1075.9970000000
 723.5418516479  275.8190030059 6936.9090000000
 234.0463177360  347.7260051269 6890.9490000000
 907.9053667705  272.6079628549 3934.9410000000
 742.7148608106  780.4039269118 1729.0690000000
 445.1167386731  806.1287764025 2316.6230000000
 962.6029312233   81.7680235513 9135.1680000000
 546.0689503278  337.5360179402 8056.2860000000
 871.8300084104  500.9650945281 2536.3560000000
 628.6571879236  661.9829146343 7275.9490000000
 543.0391691793  257.7150461590 5077.3480000000
 459.0199168115  788.8779219090 5687.8340000000
 339.3310941811  336.6532212344 4362.7330000000
 593.1834994483  762.7938933122 7449.3910000000
 391.5230810716  552.2176077995  607.5340000000
 222.7794282094  167.1459912689 5713.5620000000
 197.0321096900  860.6818967037 9673.2030000000
 581.0904375698  274.7065624947 2341.9370000000
 976.4683933209  568.7882273627 4061.9720000000
 347.0419031170  513.1179446830 7843.5140000000
 493.8970710306  261.4980074948 6418.0760000000
 722.2329687722  991.2837474408 5788.4080000000
 297.8389770952  703.3261842164 3168.1770000000
 699.3969925103  972.6628843205 6624.6450000000
 226.8598894842  839.4720659377 5322.7070000000
 310.7473479508  118.8280712787 1116.1110000000
 796.4908436503  186.6580510484 9320.8000000000
 584.9652490440   94.1194710565 2358.7810000000
  41.5998661718  134.1281139250 1268.7280000000
 466.9519637075  298.3099849648  577.1400000000
 124.6714297667  918.4319367447 1598.8590000000
 901.9539906361  455.2969819071 6428.6380000000
 677.2589085067  660.0459263039 5635.3800000000
 663.9105130358  954.4936758503 5345.1840000000
 357.9419996524  895.2139141546 5835.3220000000
 747.7511775960  937.8334572913 8230.0550000000
 470.3810193500  464.8940990700 8588.6650000000
 349.2069522320  415.4959638776 7537.7180000000
 972.2356824813  567.7906928179 7887.9000000000
 647.9757104981  241.0151204500 4043.4080000000
 648.3828819597  802.1753931418 8362.6960000000
 987.2587846356  692.2900209504 9327.9770000000
 246.4431937987  338.7794531227 5035.3110000000
 222.5836442227   95.3323816353 4749.4030000000
 651.6790331683  134.1091420196 8571.7580000000
 285.8670165743  347.6540553183 6252.1090000000
 681.7488175472  631.2277246669 5136.1510000000
 588.4047768499   98.0908107642 9304.2380000000
 326.0728691232  446.6580087773 4523.2300000000
 153.0609041386  517.9143692544 2295.4380000000
 553.2488195615  522.4884811307 9837.9220000000
 126.6390961784  148.7980602488 4336.3680000000
 523.3893155223  469.1059532074 5370.6710000000
  56.1581111103  878.3410177140 3257.7760000000
 827.6014553553  844.7962118688 5711.6280000000
 416.6660753252  111.7463540095 7111.8860000000
 438.2801064029  844.6340728740  752.9940000000
 924.7469234823  164.3471620627 2251.2330000000
 392.3549477310  905.0039259666 5712.7780000000
 154.1285300965  576.1660564625 9437.7970000000
 892.9960529286  596.2500566933 8309.8110000000
 552.7741627425  775.6709533579 6975.0000000000
 848.2701511569  570.6207699685 2832.4810000000
 731.6087863170  421.3500923151 3832.2220000000
 759.4058713622  373.9818186221 2144.6690000000
 612.1039973345  999.5448231783 2640.0930000000
  15.3292660750  407.8089390416 8202.7530000000
 864.3178698273  324.7740514248  487.8410000000
 778.8558239655  954.6378169201 1927.0170000000
 890.9568956420  491.3500225855 7083.0480000000
 796.4120571047  839.1838871019 7258.0080000000
 191.0430385196  375.6491666479 4189.6450000000
 205.5141151056  294.4990827196 7880.4210000000
 215.2969573639  847.5738819015 5711.1060000000
 129.3128451304  915.2789870068 9830.1290000000
 172.2538264843  574.5312483116 4420.3320000000
 957.5889796693  108.1948578418 8398.6600000000
 699.7658565595  395.9160058617 3462.3900000000
 438.6780287404  263.2350394839 3267.3770000000
 842.5659788171  211.4960596223 9396.4590000000
 313.4036188149  463.5929486728 4462.9700000000
 506.9471036295  711.1811457856 8943.1510000000
 273.6980742884   89.7521296753 1817.8130000000
  53.8872487965  921.0752535597 5725.7080000000
 635.5640763307  242.8949967224 8402.8710000000
 169.7579600019  843.1286771570 2320.1350000000
 685.5977869087  772.5849152463  605.7670000000
 768.4290576861  611.5480928843 9760.4030000000
 146.4942930359  524.2140446052 3849.6270000000
 751.4637815970  813.7549378974 3399.6430000000
 360.9078943352  575.8283471579 8555.3140000000
 727.3467697566  459.3721190472 4544.6870000000
 412.4340186140  985.8137725686 8975.5480000000
 681.2941567629  606.4967051297 9615.8950000000
 582.1226469497  368.9584142352 1577.5890000000
 431.1450946039  746.3979631477 7512.5110000000
 920.6011517925  326.6131568712 6293.9650000000
  10.8791702825  628.6590397978 5379.7940000000
 736.7880694483  918.0991019553 5239.1460000000
 822.0672013784  498.2507728743 8790.8710000000
 954.6886979370  432.7460265607 9413.8660000000
  87.6893610624  480.9021182458 4405.2340000000
 339.2300637047  350.1639860131 4966.5050000000
 356.5579289455  656.6100632636 8097.5020000000
 891.8802766670  596.3664856107  199.8200000000
 236.3770457340  813.8940296186 5233.5670000000
 366.0369696171  766.5509586201 1617.3660000000
 297.4772453753  886.3139676195 9794.4640000000
  47.2041987607  521.0940572347 8781.9430000000
 977.4324241769   92.3011201765 7217.9210000000
 137.0670159270  702.7669810693  961.9040000000
  41.0931308191   80.1340486294  668.8800000000
 301.8650115896  108.3593527775 3792.3130000000
 594.7483870813  220.0671534427 9707.5120000000
 998.1895679065  193.8249509030 7267.9240000000
 122.9950841833  179.7090486843 3459.2960000000
 940.7489450153  134.7510225242 1073.3830000000
 489.6910993849  208.4530542059 1088.1560000000
 680.1185089189  612.5128002063 3771.5460000000
 219.9129944238   80.5558573402 1030.9330000000
 419.5961623383  881.7188560779 5910.5690000000
 728.9980238020  389.6339816224 6688.6820000000
 419.5868729204  198.5921661786 6340.5120000000
 981.0218098684  132.2319555232 1425.3510000000
 163.4178297284  577.6968202498 6585.3510000000
 507.3039774538   93.6580927521 5353.9600000000
 734.8498829520  291.6989734088 1100.0390000000
 882.6890434267   81.6591526678 2769.8210000000
 976.3298533220  154.2390705233 5726.8330000000
 902.2967201166  215.3743700238 3713.7950000000
 146.8080572941  719.2339815302 2191.6020000000
 504.6730505149  238.2230919001 9228.9570000000
 213.9659033278  303.0338876826  558.8960000000
 301.5184023748  700.4753759395 4842.9170000000
 130.3101272164  572.7139799188 2172.8570000000
 673.7120855352  163.7750197074 4815.9320000000
 534.7334263706  149.8334216099 3696.6640000000
 224.5331780606  676.0859546762 4110.8530000000
 167.0500379838  732.0560769852 4842.3600000000
 811.9478791934  308.7210537482  952.8610000000
 805.0020849113   34.1614065410 2640.1910000000
 952.6488639777  741.3769482804 9561.4570000000
 952.1438796328  966.9878333465 8485.5780000000
 563.0640225144  727.3719497341 6179.7100000000
 585.6339875847  900.2058519891 8544.8920000000
 410.6491062508  817.4527355200 7140.3900000000
 580.9092695309  258.2602863928 6689.1270000000
 348.0741105332  311.3620842762 2358.3500000000
 574.0239927630  664.8246144729 3217.3810000000
 120.9001620509  933.3247804000 2504.8720000000
 910.5019336304  138.5390659162 3958.0220000000
 925.5548512631  879.3610283005 1103.1260000000
 415.2559871222  632.4525941891 7592.0360000000
 770.0027975706  396.0580745679 1003.5400000000
 253.0250196363  353.8790829445 4396.1430000000
 297.7349023410  954.4689850883 6991.6200000000
 430.2539438772  574.7620226413 5187.7360000000
 991.5687950085  958.2148619988 5705.2360000000
 112.3090300844  991.3538748299 3672.9900000000
 414.1728904494  147.5997682782  368.9850000000
  36.1372019822  484.4180844763  225.8590000000
 375.9660018983  854.5179117856   84.1180000000
 826.0880016562  406.9169998415 7400.2160000000
  78.9000635058  745.8199759611 2256.5710000000
 955.2428641507  247.6431391608 2209.7830000000
 468.8442641398  932.1869121061 7134.4360000000
 718.3509024551  819.8249903519 2879.2840000000
 264.7178264557  379.0341278479 7010.2590000000
 724.4688909353  559.4249573056 6822.7490000000
 614.9729734671  545.6949399777  291.8950000000
 703.6368723526  315.8710597914 5957.0190000000
 679.9741111030  506.5457682387 4946.2280000000
 525.2214922062  328.0399628489 6995.1130000000
 942.4130336854  426.7381449334 3579.4910000000
 215.6670474325  221.4449809366  438.6940000000
 918.4199427414  926.9768516888 7161.6370000000
 956.9129728737  582.1548207225 7923.6260000000
 564.2481101216  373.9688937193 8874.2560000000
 857.1438801819  373.9111123170 4158.6900000000
 852.0019366140  570.6485860726 8224.9560000000
  73.1531472149  504.1500098680 5694.5510000000
 201.1110758508  334.6380272374 7107.3470000000
 285.6961717088  720.9948929276 3396.6480000000
  99.1259658484  482.9770182220 9295.4630000000
 789.8879107679  667.3808976007  969.0430000000
 897.4277028342  271.5224125826 7563.4300000000
 562.8580208262  932.8848690254 5852.4470000000
 417.6129088768  150.5859930602 4553.6780000000
 658.4748467597  852.9675991372 6933.3690000000
 317.8212432718  123.5917382505 5236.3380000000
 498.6680829604  305.4390597363 1856.1980000000
 731.9528029872  158.7448961965 7584.2740000000
 974.2568911763  963.2768450333 4398.1860000000
 267.2912328651  177.6329994750  426.4790000000
 423.8449236305  171.4010580516 3889.8760000000
 208.4570081752  599.4031349791 1550.2730000000
 262.4750718825  534.6522351204 6550.2360000000
 579.8393965889  270.6271529158 7431.5010000000
 314.6839693416  318.7370826409 5835.0490000000
 339.9369303000  673.5908149481 7632.1020000000
 348.3922313257  181.0089575581 1416.4470000000
 364.8209667009  438.9009563436  285.2330000000
 282.7362308915  541.1797436776 5636.6130000000
 392.8497062022  549.8891198878  277.3360000000
 477.2959893194  972.7858174950 1594.5940000000
 788.9337303508  920.1818359422 3040.9280000000
 121.9772597741  415.8048950159 8285.2940000000
 805.5818897816  752.9242008135 5316.7440000000
 302.5989556752  272.3472303811 8236.2720000000
 103.8131083778  798.4269087743   73.3620000000
 880.6129539413  715.9249546562  172.0700000000
 205.2972564978  161.1931105298 7949.4970000000
   6.5121424034  907.2599888928 9637.1410000000
 505.3199423901   58.8501608526 8290.3500000000
 292.8038486794  524.8389055325  955.5740000000
 633.8410165754   93.1321433781 1985.1780000000
 357.8512509285  767.0029647842 4095.9530000000
 630.2590840277  391.8759953630 7997.7610000000
 367.5279402217  116.9050145580 5108.9270000000
 339.7011943019  953.4198962351 9552.4870000000
 145.2700270950  956.4908282225 1948.1120000000
  59.7469618236  749.7570881636 2453.1280000000
 487.4539730426   17.2112612710 2275.3160000000
 103.4130707462  498.4599522757 1744.3180000000
 151.8180996868  531.4086401526 2861.0680000000
 105.7133388047  418.4090018036 7871.4540000000
  20.1131542049  339.4770690637 3462.0580000000
 517.8859985726  960.6258922105 5366.1270000000
 657.9430713822  575.7029771017 1598.0490000000
 407.9441779354  219.5396153657 5812.8580000000
 686.8260111862  534.1800584553 8940.7610000000
 942.9689339218   45.2751411213 9089.2930000000
 375.1480539558  960.6746983880 8513.2500000000
 463.8603524957  404.4490844713 8485.1860000000
 771.7450180034   54.7670914184 3496.5780000000
 995.2107766372  182.7154218607 3883.4410000000
 721.2807869177  547.9781196618   35.7360000000
 151.6272712276  840.8959255463 4535.7560000000
 684.0517530568  169.5998397739 5382.4630000000
 419.0688861376  379.1949753154 7611.4380000000
 450.9708545740  865.4186406027 9330.9690000000
 589.5141921686  228.2504288592 8384.9040000000
 410.7479846736  210.7372591714 6984.7100000000
  14.9750156562  566.6819210121 2118.0750000000
 851.0208901172  394.8060711082 8198.0030000000
 300.2878299472  303.6612260942   70.0250000000
  15.6451899316  957.8839746302 7793.9430000000
 972.4798965408  500.5764730393 3028.1820000000
   0.6062489053  565.2109628504 8067.0230000000
 619.2579561097  323.2440383156 4922.3070000000
 552.0920708075  606.8339565483 3801.1500000000
 473.3239950322  997.6978069502 7792.2040000000
 979.9187667687  342.8429899596  706.0740000000
 597.9848921168  517.4059733628 3189.3870000000
 562.6110307789  866.4129677534 1901.1860000000
 789.6132788883  643.7991232038 6277.0280000000
 388.4199159837  950.3348445026 7927.4160000000
 312.9419537309  728.1099598421 8945.6550000000
 738.0546242306  166.4664753444 3286.6220000000
 306.3981999709   30.4752860072  397.1230000000
 105.1851109075  733.6118690952 4203.1480000000
 489.3630059863   38.5032158277 5297.9670000000
 302.0351376497  741.6187806609 6152.6710000000
 945.7983489760  105.8390703048 4915.8020000000
 888.8237222987  523.5919130996 6656.3160000000
 695.2689616001  901.5817600054 8998.0250000000
 273.3258878620  481.5089831102 5309.3080000000
 361.4126480748  341.4030918063  618.7070000000
 173.2850693749   12.8382037784 3387.9110000000
  49.1021481292   64.6280514302 2113.7170000000
 939.5682642559  907.9687517608 4509.6280000000
   7.1152404815  129.5890312431 3571.3660000000
 268.3693683306  683.8647773401 3531.7840000000
 416.6700001610  469.9060485986 1390.2000000000
 650.0124119482  453.0558043611 6453.8370000000
 763.4230518339  131.9232462460  119.9280000000
 120.0733222914  686.1724124987  798.6450000000
 449.0300162381  289.6920272267 7347.5650000000
 403.3058396679  369.0583095104 5516.1880000000
 227.5051431719  197.3909741781 6678.9840000000
 825.9107791434  763.1649014975 6576.9520000000
 532.7086391899  324.9653640235 5015.3800000000
 668.0178120444  102.6540121886 9267.5380000000
  39.4581208628  963.5936407724 6172.6060000000
 234.2159348070  877.9858752868 8902.6490000000
 787.1144379563  162.1401093162 6495.4870000000
 429.5522220550  810.0158547972 6829.1400000000
 727.8713056657  340.2610201582 9254.5190000000
 183.8097802065  578.8679244438 9791.3420000000
 651.2141630706  741.0076598958 2272.9000000000
 606.2599899102  878.2198820160 4993.6130000000
 511.7690408157  755.3349166098 8130.6030000000
 261.9321241237  379.9846296550 5545.6350000000
 352.5498699971  339.6021188446 3360.6720000000
 720.8659071436  850.4968996630 6886.9680000000
 293.8950030676  318.2659041329 3941.6550000000
 373.1391675726  512.8763441505 2707.0200000000
 646.3718953270  427.9662378811 9968.1470000000
  50.2101972160   28.8680377720 2720.9540000000
 721.8932081399  923.3058664720 5236.6300000000
 920.7927164616  326.4411260617 6315.8040000000
 651.1550206145  382.8733814385 4422.9800000000
 406.9340116792  247.4050459728 7897.8500000000
 679.2850583030  777.5217841778 5076.3400000000
   5.8691995122  379.4100939789 7074.2620000000
 388.9910142365  689.3259559711 6555.8610000000
 231.2036307946  872.8650639668  380.2610000000
 897.2682825098  893.8927832338 7754.8540000000
 741.4539694691  882.0959486259 9877.2760000000
 765.3119349550  982.1698011279 8672.8830000000
 788.6968870101  996.6277978428 6826.3260000000
 551.1771069639  739.2898578384 3010.6120000000
 576.9919720316  593.1551321333 7981.4250000000
 192.1612554476  102.5190746985 4594.0020000000
 982.9978678851   32.9271463970 5516.1680000000
 722.0949894643  470.2777963043 5921.5100000000
 402.9029506479  581.4490143589 4827.5740000000
 872.6490340198  258.6410889433 3027.0640000000
 596.2147632885  532.9619077292 3558.2970000000
 464.4010031161   26.6281721529 4438.0290000000
 189.5640560184  399.4819863619 9213.7070000000
 921.5238974841  389.8079748338 9775.3830000000
 671.0535185636  963.0962095397 6265.0510000000
 924.1929131168  783.0439388155 3705.6810000000
 983.0158617211  202.8437100812 9133.8360000000
 997.7027666530  934.1199393449 5942.8710000000
 240.7250510953  477.4710751282 7924.0750000000
 501.3400563225  484.0749223647 6962.8630000000
 245.6255784603  178.4582664054 5155.4960000000
 969.3767738775  397.6240463082  404.2430000000
 700.0000795449  341.3787734776 5468.2200000000
 439.5391164264  805.3031230090 6872.4550000000
 788.6208675296  317.3630671167 5702.4610000000
 320.7649853198  412.0530452723 4348.8140000000
 791.3778295162  631.4831120305 9759.1290000000
 464.0940648340   95.8350589951 8655.2570000000
 895.9668768249   84.3701063737 4040.9690000000
 541.8170735538  352.3448204773 3684.9590000000
 454.7501507654  152.4030753781 3350.1670000000
 166.2370492144  662.7999356104 7340.6370000000
 685.2974563493  897.2805541311  136.8520000000
 618.1397369278   62.5988668391 1508.2820000000
 657.1080740523  166.4540572143 8682.2600000000
 755.6720949289  357.9231330229 5834.5350000000
 291.7278760201  532.4700148319 9857.6620000000
 958.1657929579  810.4535608367 7690.0770000000
 780.7489281753  534.2900327634 6691.5710000000
 569.6093632592  219.4760864744 8327.1990000000
  94.1011043644  621.4478564709 9237.9660000000
 658.0279076720  254.8599613337 5933.6860000000
 204.1151358247  208.9040516180 2770.8580000000
 336.9224068767  509.7531104980 4822.8460000000
 930.7677959300  294.6799457204 2707.6720000000
 911.8700097996  971.0797893141  374.8500000000
 358.8019694398  713.9687879058 4926.7360000000
 650.1509391328  668.9417802829 7270.6620000000
  73.3370068219  764.2318749515 1302.3490000000
 626.2580162214  929.2088947514 3968.1930000000
 789.4217571831  269.6610788919 7812.9470000000
 395.9360367581  480.6270990755 5911.3360000000
 641.8008637164  215.9540811992 9931.1870000000
 892.1178326637  268.8646084388 9505.4720000000
 579.9769235426  605.1497451974 6095.1600000000
  36.0570623463  112.3541167108 6025.6040000000
 153.2992561807  804.7389261849 1772.3360000000
 906.0809682970  752.6890266613 1152.2580000000
 940.9748076599  216.6179562715 1315.6910000000
 616.6232637151  656.6000387194  281.0230000000
 999.2557806865  813.0249659771 2797.0420000000
 215.3649556351  415.1271240185 9868.2060000000
 776.0278423843  893.1700270826 8076.9140000000
 212.0331316694  353.1319854807  320.4630000000
 841.9849140617  143.0200519929  293.1230000000
 786.2518814942  150.4495502653 9992.1310000000
 664.7595005079  740.2255304067 7950.0730000000
 183.1997536707  823.1852616091 3120.5860000000
 211.8280590147  267.2661262293 6064.9670000000
 366.0241816875  305.3169690066 6626.5650000000
 910.8175686727  680.9409636375 3041.5240000000
 146.1279690117  389.0205262776 2970.8370000000
 969.7340562081  560.0017293885 7731.3770000000
 921.6099105706  756.1891031788 4247.5300000000
 109.4051191192  510.9509352585 5611.4030000000
 907.2806481458  889.3720750651 8683.2250000000
 777.6940430412  573.3611043747  224.2360000000
 595.4960306447  460.6899902435 6193.7680000000
  88.2110406558   20.2091526061 5540.0380000000
 826.2808715689  331.9300206367 7840.4680000000
 290.7570658048  307.8412342065 4210.0880000000
 620.3797998572   74.5720182007 2355.6620000000
  68.7279436691  477.8877641782 3775.3670000000
 114.3270169454  248.4232703230 5524.8080000000
 449.3610422165  855.5254826217 8713.3920000000
 978.7948868796  922.2059825155 8487.6350000000
 481.9048263970  902.3478564966 7169.9760000000
 468.3349091086  736.0550286941 4042.0930000000
   9.5453455806  967.4366292706 1714.3360000000
 282.4177084958  398.5862860186 5108.7920000000
  52.7130969587    7.7981453775 8329.2930000000
 176.1369724857  880.9169254772 2665.4740000000
 301.1093919373  112.9842435586 4925.7340000000
 377.9659550695  764.5969940878 6935.1170000000
 542.6555863596  532.9106923101 3242.8350000000
 407.1959667448  564.7160606665 2370.3430000000
 150.0972283755  459.8048880080 7322.6800000000
 562.6122918292  274.8288995231 5202.5320000000
 907.3618249602  813.7100831646 9558.3240000000
 826.1199567863  555.5161169419 9916.8830000000
 942.0093954209  906.4344353593 6305.2690000000
  11.5261981996  648.5869453018 5093.6460000000
 588.3859919768  964.1388447440 9383.8520000000
 932.8937902319  276.4090423007 8458.8970000000
 935.9619096840  848.0469440307 5618.8340000000
  83.6630354990   59.6449838057 8772.0490000000
 213.9230623785  872.4068407898 2466.1870000000
 644.0652767039  732.9080909833 8117.3110000000
 167.4840467852  747.1848638418 5337.7930000000
 579.1331531308   79.2282667886 1256.4970000000
 132.6408986710  409.6801133935 8493.6990000000
 583.2423381698  760.5231214197 9654.0590000000
 599.0494243717  816.6229637324 1338.3330000000
 772.4525810524  359.1440904983 1533.3770000000
 947.9308971957  779.9251798888 1110.2460000000
 347.1190414248   28.4181078598 7516.7630000000
 592.3528296913  200.7572028356 9741.8100000000
 140.7241315019  288.3166574885 4909.3420000000
 556.8351059377  815.6939613639 1001.8130000000
 654.8142878548  103.1920969846 5096.9550000000
 285.1727770979  964.6493162834 5804.8720000000
 144.2460968421  396.0208543323 4647.0130000000
 128.5459162362  244.3301703071 1130.5160000000
 773.6998949711  338.7300069663 5054.2960000000
  58.3558519256  966.5529029193 6663.9640000000
 199.3130358339  908.8658253723 1405.1900000000
 981.8006543891  512.6048133763 3841.0280000000
 943.9698011426  413.7691961936 1006.5380000000
 974.3309205243  299.9521439845 3211.0040000000
 108.9010240788  596.1688948505 7920.9950000000
 438.6650175876  664.9839542809 7152.3470000000
 697.0610542858  988.2066530212 3769.7520000000
 859.1879935263  445.4579398737 8183.6760000000
 686.6927148882  859.5995605813 3724.9050000000
 444.0760733682   21.6901742537 6073.2190000000
 979.6390981356  192.3573869017 5655.5800000000
 583.6139266136  570.5600557773 5297.8910000000
 123.3578654532  938.0463336699  470.6500000000
  46.2520591896  997.5158128963 4242.4420000000
 855.2209390329  500.2720216851   92.0640000000
  75.8253894448  556.9436775928 7931.6710000000
 801.2429948493  107.4371494558 2690.4640000000
 732.3965606917  340.7297580195 1595.6250000000
 259.5832253680  968.9038257642 1031.8510000000
 670.8192167297  320.4069004842 5488.7770000000
 764.5778897805  857.7709539278 1452.1790000000
 107.3831284801  353.7190511272 5097.9150000000
 833.9905791401  849.3185503896 7246.3480000000
 565.3279399654  817.5058509162 1127.0900000000
 897.0688911471  225.9359393437 9498.1860000000
 489.9110602782  282.9519853773 1857.5560000000
 251.8549487095  194.2976330851  676.6650000000
 406.6352088061  805.9162040438 6030.9010000000
  47.1852528624  752.9029882035 5987.3010000000
 681.4499527936   35.5801921463 7148.0620000000
 689.7962472842  298.6223792303 5521.9500000000
 395.9627004520  942.0991359020 2837.8580000000
 873.6959205064  917.6678541615 6939.0740000000
 437.4970458231  693.4679643252 4017.1580000000
 173.1750402930  613.9548451722 5692.9800000000
 733.4286042499  160.2058129070 4200.5110000000
  60.0091219597  377.9008740045 3896.1110000000
  39.0180958089  952.6862142294 6248.5450000000
 449.0329671371  179.7070362045 2643.6460000000
 771.6379217251  480.3010139288 1769.0140000000
 765.5208992655  918.4814962158 8173.4890000000
 823.7537367912  617.4419552297 2467.9310000000
 805.9438975924  604.3518361011 3415.2370000000
 878.6118476300  441.6700357391 6125.6720000000
 745.7619668703  674.1989678712 1355.3580000000
 592.7739317839  622.2029305860 6147.6650000000
 870.6728964402  218.6709964197 9988.1750000000
 738.6337982867  248.9240681625 9383.6840000000
 480.2579654260  951.6446958102 4427.3330000000
 457.0560444742  744.1859929286 4164.6870000000
 865.6099022778  202.9832980620 5733.1440000000
 640.4414096553  453.5206859803 9281.5690000000
 898.0578962328  827.8889081322 8099.3240000000
 932.0637519728  200.6537500058 5404.4250000000
 108.8134163873  264.8873061019 2888.3040000000
 217.5899657524  572.7949916971 6661.3780000000
 885.5928735100  649.8079794915 5476.9190000000
 925.1728825282  701.4258880828  678.6300000000
 680.1039945010  812.2050151199 6561.5580000000
 114.4309639544  471.2341300588 7212.9780000000
 699.9957705993  597.9702135237 5280.4980000000
 691.4741472423  246.7169728585 5938.0530000000
 161.9417619455  527.6229889320 5766.5920000000
 153.7151513306  595.4207158573 3298.3010000000
 693.2516203420  612.7808352639 9289.7400000000
 857.9248203436   23.9351056214 2411.2510000000
 193.0699829039  807.4410795516  448.6890000000
 778.1390878915  264.3913015150 2538.5960000000
 378.5271386938  208.1339782197 1607.2200000000
 233.9189162173  164.2552520754 9888.6910000000
 245.5521698820  675.9259572431 5341.0710000000
 828.1890797375  171.2522811546 6654.3820000000
 839.7219712103   19.0761680309 9688.2930000000
 338.3340306682  870.7759428760 2896.7310000000
 552.6120030029  530.2071015631 6814.7930000000
 102.4019839923   49.7771097329 6791.9210000000
 798.8288592752  345.0659711521 7875.4930000000
 378.7194325843  524.8179085567 3968.9250000000
 474.9377406258  407.4109097853 7644.9950000000
 623.7320117976  101.2780817063  251.6760000000
 312.8279083708  459.1921840425 3404.1750000000
 817.7408656051  815.3431294238 3622.5170000000
 797.2520895390  396.4455114654 6813.5390000000
 106.9821115328  262.4062742700 8153.3660000000
  72.8964399232   56.2051483731 2512.1540000000
 655.1340671590  718.7862174261 2985.8440000000
 494.7791852070  341.2650622201 7102.8810000000
 787.3018701727  723.6580057308 4128.8590000000
 623.3929973956  908.6079010037  389.6170000000
 140.3602337950  282.4488328031 2297.7920000000
 400.8590863797  100.5982184057 2308.2500000000
 528.5601048391  281.1850182082  628.2980000000
 506.5720757982  589.9610181290 3246.5720000000
 811.7986700060  634.4528974727 6713.3250000000
 942.3087104240  341.0181178143 8404.9950000000
 982.8917211747  121.1149776075 1856.4840000000
 371.2015582368    8.4646017664 3753.6540000000
 532.7379643329  456.6581499322 9999.4930000000
 688.2228334767  145.9462984820 8955.2040000000
 519.0810502199  495.9658734750  725.6870000000
 459.2402950987  471.3419052383 2528.0840000000
 562.5750453105  314.1720998300 6794.2230000000
 880.7498815379  622.5389343929 4422.5040000000
 677.4001890336  456.8047299962 1517.6930000000
 604.4661083991   71.8740612408 8190.1200000000
 663.5855123360  736.1021860922 5125.5910000000
 383.0291245986  181.6219686626 7886.1660000000
  42.3872232904  352.6711088858  192.0480000000
 940.3897503303  355.9568395972 6806.3440000000
 799.2329493528  786.8679063424 2852.1510000000
 589.7424826054  252.7061461719 5905.4510000000
 652.5287934567  200.3881801782  459.0670000000
 922.0548929730  483.8589084554 8264.6450000000
 129.4540495707   55.9560652149 4585.3020000000
 799.9299706507  876.8098517731 2982.3620000000
 387.1321190385  263.2301101503 5855.3750000000
  17.2831773893  455.3740319673 2291.7720000000
 751.4839459067  526.0820437829 9492.5510000000
 349.4905626878  894.2370268021 1205.7640000000
 185.7031227228  256.0140896484 6116.3110000000
 517.6480287151  412.8760394158  427.8550000000
 971.7218051453  655.8750420790 5155.9320000000
 442.4400373604  312.5729548566 3232.0670000000
 463.9347902450  517.0468030832  133.7460000000
 357.9395421705  576.7975038594 2313.2950000000
 824.7899805179  232.7889870397 8372.7270000000
 105.3381366054  902.1469183557 6767.4710000000
 692.9519903217  253.9430368073 7719.4470000000
 615.0909850835    1.8851856115 5121.9510000000
  80.3570351451  115.4959390772  436.0230000000
  18.3731374358  121.8031430484 2163.9950000000
 804.7394848201  580.7067045819 8263.2840000000
 483.6203874262   70.0344762688 3890.5620000000
  96.4512546017  892.2021137600 2020.5370000000
 149.4973589293  127.2921345458 1626.3170000000
 876.7370578669  517.5240334239 6182.2240000000
 994.1255221214  456.9460900106 7847.8600000000
 589.9339171212  732.3380001903 1324.5150000000
 134.5401727463  857.7279837079 8848.6890000000
 432.3530244925  422.6459874929  800.1740000000
 555.1503719172  224.7010320975 3637.8340000000
 700.4147805677  303.7812213121 8581.4350000000
 206.6438612869   32.4732289305 1660.9700000000
 671.7000035000  467.2357931290 1980.4050000000
 555.7420115782  701.3061187858  560.1500000000
 623.3639957543  566.2369545198  455.5860000000
 182.4231660464  321.4850887221 7460.0870000000
  18.1421746159  749.5119699245 2451.4040000000
 767.0937592900  910.6845509458 5616.7100000000
 581.2930237632  533.6649357099 9173.5380000000
 560.1069885562  976.5768254042 1837.9930000000
 531.2837503518  473.5346809036 3323.6450000000
 126.3569711120  512.9439924874 7256.8810000000
 988.8137697532  724.5729253010 3518.8680000000
 176.5560172436  829.1909604994 4889.4580000000
 995.8227531898  290.9100523859  788.9420000000
 674.2196890875  504.7682281030 6254.9120000000
 348.0510605924  988.7527114994 2030.4160000000
 105.3530789226  772.2119265823 7192.7930000000
 848.2069280593  420.1989684284 9425.6280000000
 950.0397477524  313.5450465580  131.6030000000
 685.2774504500  712.5067553203 2894.7360000000
 557.3061769667  649.0079808973 8403.8910000000
 549.3626818756  519.2835386547  902.0130000000
  24.3190153033  396.4421932865 3948.2800000000
 207.8308280652   61.6370206856  111.2900000000
 467.5137438526  872.3048518685 5788.7000000000
 551.7559893247  489.9080235303 6177.1590000000
 568.0130190593   26.8691820656 5154.6610000000
 322.2701063313  922.4268763246 1534.3360000000
 219.8071605145   88.6505011230 7841.5340000000
 642.9020062674  441.6201624342 4542.1800000000
 921.6768028045  615.8309632218 3463.1970000000
 210.3850208270  545.6240365312 1358.3250000000
 569.6440605521  791.1477853552 9396.4010000000
 174.8670105811  933.7698285338 4026.9070000000
  34.6339681219  674.4897077073 8451.0210000000
 809.1198438119  586.8391301191 7514.0600000000
 280.7376517679  963.8210914351 9335.7540000000
 510.7390648518  349.7339772890 4815.9050000000
 395.3762160197  376.7268496659 7756.6040000000
 283.5857723368  269.0548818438 3280.7000000000
 288.4470467902  615.3350416049  135.8870000000
 933.9609062659  836.5171190763  374.4590000000
 669.0832443212  626.8669316280 7341.7850000000
 919.3119743916  768.9189312241 2194.1430000000
 344.6660042207  428.0297831410   60.4220000000
 275.2682250661  665.7982395754 9979.2890000000
 696.6729714149  577.6920710423 2330.8140000000
 790.4805911499  648.1410079997 6045.1570000000
  84.1871141227  710.0799924537 3823.1170000000
 614.5080451741  139.0761161349 1280.4100000000
 791.9778017443  677.7158849110 2416.5940000000
 585.3754970726  214.9423176397 7411.0730000000
 281.7121771236  394.2803377475 5988.5020000000
 610.8923471356  269.8910406533 2389.6670000000
 899.6528448373  554.1949651693 9740.3010000000
 588.3670979891  107.5365175260  752.6950000000
 741.4959868087  976.3807968466 3263.5790000000
 305.2810613608  430.2610010308 9798.1430000000
 146.1281038359  359.6569395522 9504.0970000000
  29.7521013464  142.8029686460 9633.5070000000
 778.1830218454   29.0601831878 7156.1340000000
 621.8760384987  946.2518130348 1168.7540000000
 629.3940386881  624.7610449958 4367.6490000000
 820.3349755775  567.8619168494 2081.1250000000
 607.8049137134  264.4841822787 7234.9380000000
 274.2765070048  269.2710409498  732.0080000000
 950.6568836154  169.1021024055 2907.6860000000
  87.1471237273  290.8560273786 1511.3670000000
 171.9650999445   49.1643348650 7424.3950000000
 352.0699863986  834.9619296790 9632.0260000000
 991.8437677488  224.0898939035   85.8620000000
 919.7808647280  449.4170421343 6973.1400000000
 966.1061845670  799.1380129947 3400.9620000000
 529.2579246976   50.7371873271 4126.5780000000
 787.6969055640  618.3512723586 3773.6710000000
 323.8074239552  801.2860122470 3747.8220000000
 334.3568845651  801.7419848230 8230.9290000000
 594.5200024975   25.7852003498 1039.0210000000
  29.6443507263  666.1183476869 5924.2100000000
 558.3271927983  891.2717164392 3549.6160000000
 428.7890763608  722.0900266443 5898.9050000000
 855.9159364310  674.0324806414 2291.6690000000
 770.8875638367  282.8662437620 9959.0900000000
 809.2068067461  762.2357235936 2723.8240000000
 610.0619593939  358.1060298246 8323.6370000000
 918.9096352115  680.8719838604 8719.2570000000
 278.1061146302  830.0008826161 7354.7970000000
 517.6362142965  134.9752796865 6927.8160000000
 489.2230199439  107.3030373077  842.5420000000
 376.5839505738  528.5559667287 7667.8210000000
 694.8958156877  261.6903587228 6266.3460000000
 645.6090226996  482.8998817098 1804.9020000000
  77.0750654735  101.7280363973 3968.6020000000
  84.7951219029  323.0570582179 9128.4370000000
 245.5741178349  311.9650832311 3317.0580000000
 715.5823088119  272.0912172566 1124.1900000000
 617.8698286672   54.3574500462 5483.0400000000
 922.4788024286  556.7179748851 1336.9110000000
 115.1630298673  718.9950091939 6411.8440000000
 610.9621317102  825.8119608609 6759.8910000000
 638.1690195413  540.9139864625 6624.4540000000
 258.6206093171  176.4592449887 8889.6520000000
 892.3720206057  836.0226007755 1597.3420000000
 867.2529481633  804.7910371362 8721.4580000000
 539.5830484370  715.5050245103 9269.8560000000
 762.4898603342  406.3321533278 4482.6050000000
 557.1160166340  424.6851866646  595.8290000000
 520.6180864076  170.5379750864 8221.2880000000
 705.6998771829  326.6057764577 7575.3430000000
 702.4729040953  696.1070824558 9374.2480000000
 432.5759622376  966.4948706594 7680.7960000000
 511.2397499229  718.7074431516 2479.6600000000
 578.8489906739  361.8571611383 7553.8440000000
 481.3977510159  934.1638786713 7605.3190000000
 304.0524901465  462.0889036665 5040.6120000000
 163.3211889074  832.9980735239 6616.9200000000
 491.4671290254  705.8100666557 1514.7290000000
 852.5470272749  673.3171531930 4877.0550000000
  32.8160191391  415.3259292673 4692.7270000000
 381.6948828270   17.2761111454 5570.8640000000
 209.6826441962  844.1474004541 1174.7580000000
  50.5622934400  572.3078437608 4796.3890000000
 462.9120438025  520.6498983799 2364.3560000000
 916.9478452509   14.6364762833 7502.6150000000
 163.3146867029  891.0830230426 3572.1550000000
 955.2800801080  553.5251428193 2940.6680000000
 232.3282683663  487.1587558989 4546.6190000000
 356.6241673294  916.7838326787 9617.2210000000
 196.8799352091   53.5700688503 7675.3540000000
 384.0139200161  319.1589133737 2876.1270000000
 257.1698912986  441.6110206193 4157.6300000000
 399.4700732273  605.6529770185 7725.5620000000
 380.2300114118   76.5761642866 6775.2070000000
 679.1531142425  853.3039777536 7883.4560000000
 158.4818056044  455.1281249892 2916.0160000000
 462.8817443056  151.3461356197 2212.0530000000
 965.3807154918  238.1441401377 2384.2510000000
 922.9359523742  366.6579984216 7700.4660000000
 746.0501786502  934.6701198466 9629.9110000000
 760.5929260773  416.5207187201 5348.0430000000
 967.6240982005   81.0866006490 9438.8390000000
 370.0841312956  813.2857953683 1086.0010000000
 861.9981458423  910.3499978584 3147.4320000000
 668.3279272157   87.0144025646 8103.6520000000
  84.4131504485  280.0750527335  109.7690000000
  41.4821026217  625.5609668972 2440.8590000000
 419.2847437094  633.5364505685 6693.2070000000
 469.5569692868  662.0069918825 8761.2340000000
 744.5498765683  848.5959601160 4474.2560000000
 868.4208526250  673.6979864780 4090.6460000000
 346.0648652677  378.0758132343 6731.4990000000
 441.6349769985  594.2610356571  721.4990000000
   3.1801523294  289.5810125332  686.9000000000
 316.9232015062  660.4311155503 5142.1400000000
 366.6837503152  908.4370254383 4350.0190000000
 704.5609895032  771.9059228412 2918.7510000000
 764.5227567721  286.7605291143 5109.5360000000
  55.4841520509  209.2378433165 3068.8340000000
 113.6009778379  743.4798283398  449.5240000000
 310.1949030826  878.0341347462 3224.5680000000
 424.7886588031  120.6591024252 4119.6340000000
 957.0822153730  796.0768325766 5363.0300000000
 971.6077304836  103.4177929948 7752.7960000000
 699.2718534098  852.7378810200 3119.6430000000
 481.7280437750  173.8170624796 4014.1900000000
 547.6310493208  410.0120335674 5710.9430000000
 306.8426719137  280.0335937414 2812.6500000000
 896.6079223686  714.6159646645  751.4180000000
 955.1389195896  664.2599902727 3560.7920000000
 928.0238512873  407.1589399671 2203.9590000000
 327.7339432226  116.5400383855 9802.0940000000
 651.9129455141  374.5594118730 9270.4970000000
 604.2879578572  114.3820300878 5319.8330000000
 205.8100411729  445.2437103786 4093.2850000000
 763.5169850550  323.4730903610 4910.8100000000
 164.2140560222  794.4970573480 8051.7490000000
 913.4970984258   24.3237961069 6871.5870000000
 574.9588932044  652.6890260236 8526.9200000000
 828.1937707251  490.8463470315 5650.6220000000
  52.3521156797  907.2041649700 6056.3740000000
 646.3104681399  774.6053297019 1529.1620000000
 378.5729593055  296.4741133773 9576.9700000000
 563.7769117303  884.2740769198 3288.6500000000
 852.1368384448  120.4891220267 9179.1220000000
 441.4650562555  932.1708808712    3.0690000000
 779.3612918531  167.1158030378 8672.0140000000
 626.3712626694  434.1110666034 8980.3470000000
 532.7179760075  980.0878069149 6950.2290000000
 440.4741502254  877.1636875871 9805.4340000000
  46.5240836477  696.9848935019 8293.3180000000
 892.1609681858  741.6630146790 4965.6320000000
 330.3179656956  660.2941385330 8424.5190000000
 297.0810928668    4.7001961671 7941.6690000000
 945.2327439305  469.7537756738 9475.3970000000
 917.5569348716  435.3302297349 1419.8750000000
 596.9690071027  389.8349542385 2490.5360000000
 122.8015186857  686.5209265713 4634.6130000000
 286.1498663119  264.1477035776 8270.5020000000
 288.7561252469  812.0779918794 7217.4700000000
 354.9910653449  702.7450835535 4170.4370000000
 970.7448174433  701.8580756374 1461.0130000000
 357.5080265686  104.2372065768 6893.2990000000
 240.6900887422  395.9129768914 8969.2630000000
 834.8979244355  529.9390728060 5756.7730000000
 351.4280087007  964.9846584762 6352.3940000000
 721.0340105859  961.4178395921 1756.1200000000
 613.8119263774  835.0914272543 7236.1250000000
 455.0869721578  616.9420192933 9845.1980000000
   9.7081308879   88.8720900897  422.1970000000
 705.5515810539  769.7449339638 3036.8140000000
 249.3943550249  443.5689040055 1799.4700000000
 476.0470249063  566.6800094456  472.4820000000
 770.9991741270  629.9778413736 7528.2820000000
 878.3901954333  276.7178274444 8790.3720000000
 300.0059725203  669.7400469619 9285.5150000000
 930.0259951262  963.4978550410 8657.1750000000
 687.8422111300  758.6890062375 6864.7090000000
 814.7349165568  955.6918590139  922.1380000000
 651.5313795677  846.8191344532 6293.6360000000
 388.9897608263  535.5057007672 9665.5740000000
 984.4727558600  593.0128569020 1698.9100000000
 618.9080367858  753.8840196843  584.5400000000
 716.5950689417  744.2255555006 9470.1440000000
 689.3616542063  157.1178830349 1288.6040000000
 407.3898281687  520.1060324514 3630.1990000000
 879.0329475965  841.6448728892 6740.9590000000
 266.4922071197  698.1427679794  697.3580000000
 881.4658394848  682.1088761733 5315.5750000000
 544.0212688662  510.8402295803 1442.7880000000
  57.8690654642  763.9397790526 3759.4450000000
 719.6509942579  451.9821247113  733.8360000000
 414.7581086885  129.7269877221 8228.6820000000
 469.4480343680  707.0480036899 6761.2550000000
 737.6487506008  474.1158896739 1955.6650000000
 399.4489331298  283.7000310730 8245.1710000000
 906.8128681429  622.4109170662 1917.5000000000
 722.7499830595  429.2359311925 5288.6770000000
 645.4980003987  652.8831158597 8998.5900000000
 712.6234454093  537.0575215670 3205.7530000000
 774.7587442662  693.3572091063  925.6330000000
  99.8620823244  214.4830975756 2417.4110000000
 988.6007720313  482.0249772130   24.0770000000
 981.7746918640  307.6029010596 4130.4110000000
 532.1896993851  145.6761938283 9392.0330000000
  78.9671622569  549.8965519906 5449.7600000000
 324.5341851093  652.7276616214  170.6470000000
 791.4300639297  761.7699129088 7510.8970000000
 672.8230705581  552.0489306352 8437.4350000000
 867.2879947757  616.4129760207 1550.5400000000
 982.2518033489  842.4959195007 5058.3790000000
 176.8572288905  388.7211222844 5185.6440000000
 774.0379826694  734.9489409565 3271.7160000000
  74.7121940608  600.9048320163  875.8120000000
 932.9675127265  192.4954248292 2476.0090000000
 798.2959307469  399.6389238502 1162.2760000000
 759.0940617044  161.9091522318 8760.8870000000
 880.1158789578  971.4396960442 8081.8380000000
 987.7576910963  458.7377560795 2222.9460000000
 400.5229532076  497.9660167157 3640.8630000000
 156.2789280265  129.1170099199 2592.8220000000
 260.2493723085  541.2542599811 2615.5460000000
 269.9380021936  495.9087854282  672.0610000000
 358.5757766485  346.5388273904  651.9140000000
 686.3641249268  888.6489795654 6518.7110000000
 398.9829847351  171.3541180973 8822.5890000000
  75.3946256121  561.7087234476 2175.7480000000
 955.3028072739  254.0417314813 8826.6230000000
 596.6699715823  500.6750782946 8422.6090000000
 786.2791373379  579.8750863429  981.3330000000
 492.7300749963  602.4649895718  931.8900000000
 224.7501016448  893.0147193762 4357.9140000000
 840.7157686843  161.7273155293 1184.3730000000
 751.5910320475  938.2178216661 5880.8780000000
 507.7340607522  197.3020419088 4358.0200000000
 727.7312596693  245.6222178565 3189.3160000000
 476.8373505693   73.5559987345 8451.6260000000
 255.5571119462  739.6459614546 6508.4720000000
 762.8750607416  198.6425362873 2391.0880000000
 501.8430851214  450.8200500061 3884.7430000000
 527.3051041744  574.3660195296 2524.3130000000
 686.5719354373  825.4328594072 4796.4670000000
 682.6432020718  310.7359715470 6436.8880000000
 647.9241474180  797.9252286865 1485.7600000000
   1.4261433807  255.1550486646 5580.7870000000
 175.6430451324  446.8629769376 9201.2050000000
 309.2859259069  895.9377256357 6937.3680000000
 578.4640264672  776.5298390172 3953.9240000000
 841.7381215776  128.6529427392 2437.2640000000
 553.0390593290  828.2168247576 4146.0010000000
 921.0640583353  189.9251946879 9705.6350000000
 860.6389157851  851.6428061177 4524.3080000000
 201.8371072951  606.7986776237  932.8650000000
 524.5130011568  876.6228998756 3057.6650000000
 326.4281006586  842.4729234109 8297.6600000000
 837.6926733423  485.2852125794 3462.3470000000
 707.5449003987   74.9342852761 4870.3620000000
 942.6828863671  459.0113464724 4860.7410000000
 642.5549787971  279.4929491091 2746.2960000000
 807.0437422442  872.2399793239 1319.6380000000
 190.0331201797  226.8740798083 4218.1310000000
 190.7360219708   34.5992714113 5365.9420000000
 375.4740326621  804.8570044607 3977.3740000000
 472.0332209678  897.5949844975 2825.3530000000
 810.1809220238   44.7280365758 7991.7170000000
 680.9879755922  393.2470259595 9999.0050000000
 721.5558995078  627.1829202174 8159.2730000000
 666.4062281752  957.5008954687 6028.4420000000
 517.8690545735  370.8339239920 6883.7870000000
 299.9499169574  805.6740969547 2763.4480000000
 206.4190564219  107.0639507830 6106.5310000000
 976.6443755256  512.1797820634 5221.8100000000
 408.0540308325  426.3809837177 5299.1500000000
 304.3701085095   40.9580165924 8215.5130000000
  67.3497489332  474.3654283085 9664.6490000000
 856.9305994071  561.4043842771 8533.1790000000
 747.4209531325  382.2969561661 5976.9170000000
 689.3443787578  449.8949804088 8551.7850000000
 169.1251569291   63.0108770816 9747.4430000000
 145.0841065961  647.8219551065 1858.3450000000
 251.0248510819  182.6683648175 4844.7620000000
 409.9421375439  649.7047914428 6669.8180000000
 720.6734815742  752.3664665990 9379.8960000000
 544.9511459584  502.1920664521   41.0820000000
 587.7884165791  259.4684391585 9150.6160000000
  41.8701612390  276.2390112345 8259.2860000000
 631.2641477085  789.5709163876 9718.6180000000
 641.7659185482   47.1852228665 3869.9280000000
  86.8704294701  559.5827777383 8255.0530000000
 514.5980073581  794.2759734547 1616.0090000000
   9.9922276963  496.3590697933 7578.6640000000
 361.7101467177  172.6870576217 7565.6240000000
 203.8274767664  431.0883569797 3742.9960000000
 441.8971156778  474.6159829178 2943.4270000000
  71.1202060833  536.7416019518 9489.5980000000
 475.3570554551  485.5808594582 5974.0040000000
 486.1600200048  385.5010766742 3726.2440000000
 310.1780283082  358.6400061262 7415.8770000000
 560.3249761443  438.4760062954 9735.3330000000
 776.9369922613  120.7572337428 3657.6050000000
